0 42219
1 42330
2 74686
3 74607
4 74721
5 74578
6 75861
7 74897
8 75658
9 75841
10 75576
11 76415
12 76274
13 76296
14 76479
15 76454
16 76387
17 75280
18 75733
19 76431
20 76548
21 76486
22 76583
23 76550
24 76567
25 76527
26 76541
27 76700
28 76894
29 77235
30 77345
31 77283
32 77170
33 80257
34 76773
35 77570
36 76957
37 76861
38 77191
39 77219
40 76690
41 77120
42 77195
43 77061
44 77211
45 77100
46 78996
47 79062
48 76865
49 77123
50 77174
51 77158
52 77252
53 76994
54 77248
55 77102
56 77274
57 77245
58 77282
59 77312
60 77445
61 77603
62 77658
63 77607
64 77827
65 77628
66 77876
67 77903
68 78485
69 78492
70 78193
71 78739
72 78689
73 77961
74 78774
75 78596
76 78753
77 78721
78 78743
79 78002
80 77977
81 78915
82 78343
83 78450
84 78654
85 78585
86 78718
87 78642
88 78607
89 78560
90 78616
91 78671
92 78256
93 79146
94 77844
95 78654
96 78322
97 78767
98 78759
99 78956
100 78978
101 78897
102 78833
103 78839
104 79192
105 79159
106 79093
107 79228
108 78897
109 78162
110 78943
111 78920
112 78866
113 77747
114 78392
115 78349
116 78311
117 78412
118 78336
119 78377
120 79158
121 79255
122 79342
123 79265
124 79429
125 79401
126 79709
127 79632
128 79574
129 78617
130 79554
131 79571
132 79625
133 79549
134 79589
135 79535
136 79754
137 79884
138 79909
139 79788
140 79905
141 80076
142 79358
143 78459
144 80578
145 79365
146 79282
147 79717
148 78917
149 79009
150 79426
151 79530
152 79516
153 79578
154 79473
155 79616
156 78975
157 79594
158 79616
159 79735
160 79817
161 78315
162 79346
163 79205
164 79394
165 78781
166 78680
167 78673
168 78791
169 78750
170 78945
171 78300
172 78654
173 79035
174 79143
175 79110
176 79168
177 78700
178 79130
179 94789
180 78697
181 94269
182 79308
183 79305
184 79697
185 78800
186 78874
187 79041
188 79260
189 79224
190 79144
191 79075
192 79079
193 79223
194 79174
195 79453
196 79847
197 79845
198 79511
199 79660
200 79856
201 80025
202 80097
203 80163
204 80297
205 80161
206 80333
207 79666
208 80202
209 79705
210 80265
211 79923
212 79845
213 79937
214 79864
215 79958
216 80015
217 79953
218 79950
219 79922
220 79914
221 79945
222 79880
223 79936
224 79937
225 79985
226 79884
227 80069
228 80003
229 79822
230 80029
231 80195
232 80181
233 80086
234 79886
235 80058
236 80113
237 80041
238 80198
239 80236
240 80370
241 80384
242 80329
243 80343
244 80298
245 80233
246 80281
247 80372
248 80274
249 80342
250 80166
251 80223
252 80374
253 80275
254 80412
255 80367
256 79953
257 80092
258 80380
259 80527
260 80313
261 80310
262 80412
263 80245
264 80239
265 80325
266 80266
267 80022
268 80329
269 80448
270 80505
271 80083
272 80140
273 80051
274 80173
275 80188
276 79579
277 80169
278 79515
279 80056
280 80028
281 80137
282 80147
283 80225
284 80225
285 80208
286 80196
287 80114
288 80035
289 80075
290 79986
291 80322
292 79942
293 80182
294 79980
295 80153
296 80455
297 80696
298 80209
299 80298
300 80207
301 81776
302 79969
303 79740
304 80047
305 80145
306 80514
307 80410
308 80157
309 79854
310 80491
311 79670
312 80604
313 80400
314 80464
315 79621
316 79572
317 80411
318 79632
319 79570
320 79638
321 79768
322 79731
323 79874
324 80133
325 80293
326 80296
327 80263
328 80315
329 80375
330 80355
331 80444
332 80637
333 79966
334 80266
335 80178
336 80092
337 79925
338 80300
339 92790
340 92723
341 80109
342 80213
343 80436
344 80205
345 80158
346 80174
347 80445
348 80366
349 80419
350 80386
351 80511
352 80516
353 80588
354 80440
355 80449
356 80163
357 80576
358 80285
359 80294
360 80428
361 80614
362 80574
363 80455
364 80692
365 80573
366 80285
367 80330
368 80110
369 80357
370 80143
371 80153
372 80236
373 80276
374 80368
375 80336
376 80454
377 80229
378 80299
379 80504
380 80544
381 80564
382 80184
383 80261
384 80150
385 80280
386 80137
387 80110
388 80161
389 80368
390 80319
391 80156
392 80322
393 80202
394 80339
395 80433
396 80519
397 80365
398 80160
399 80323
400 80167
401 80117
402 80228
403 80372
404 80231
405 80257
406 80248
407 80136
408 80184
409 80197
410 80238
411 80186
412 80493
413 80600
414 80267
415 80344
416 80373
417 80262
418 80370
419 80263
420 80440
421 80389
422 80213
423 80198
424 80771
425 80282
426 80112
427 80391
428 80410
429 80478
430 80252
431 80370
432 80365
433 80409
434 80296
435 80470
436 80343
437 80469
438 80295
439 80416
440 80309
441 80191
442 80272
443 80496
444 80435
445 80520
446 80618
447 80501
448 80581
449 80527
450 80661
451 80768
452 80246
453 80419
454 80515
455 80378
456 80447
457 81076
458 80529
459 80851
460 80448
461 80178
462 80181
463 80241
464 81618
465 80003
466 80053
467 80830
468 80818
469 80186
470 80455
471 80076
472 80050
473 80114
474 80189
475 80364
476 80298
477 80363
478 80211
479 80422
480 80246
481 80234
482 93017
483 92746
484 80231
485 91157
486 94245
487 94557
488 93003
489 93185
490 93791
491 95333
492 95333
493 94854
494 95154
495 94639
496 95151
497 94993
498 95687
499 95140
500 94397
501 94176
502 94926
503 95105
504 95131
505 93827
506 95458
507 95692
508 95219
509 94888
510 94752
511 94552
512 94240
513 93022
514 94312
515 90963
516 94356
517 94272
518 93553
519 94990
520 93740
521 92764
522 95961
523 95224
524 95941
525 95380
526 95386
527 95609
528 95203
529 95258
530 95042
531 95046
532 95335
533 94786
534 95251
535 95046
536 95185
537 95099
538 95388
539 95170
540 94939
541 95319
542 95456
543 95733
544 95470
545 95201
546 95188
547 95237
548 95077
549 94907
550 95287
551 95168
552 95518
553 95408
554 95736
555 95484
556 95244
557 95409
558 95132
559 95984
560 95354
561 95285
562 95283
563 95399
564 94540
565 95279
566 95855
567 95960
568 95433
569 96037
570 95707
571 95572
572 95666
573 96012
574 95408
575 95270
576 95791
577 95224
578 95193
579 95370
580 95090
581 95102
582 95586
583 95223
584 95210
585 95764
586 95121
587 95151
588 94409
589 94501
590 95235
591 95179
592 95617
593 95402
594 95035
595 95204
596 95878
597 95869
598 94947
599 95059
600 94678
601 95339
602 96009
603 95761
604 95211
605 95861
606 94973
607 95056
608 95651
609 95083
610 95927
611 95228
612 95109
613 95229
614 95894
615 95256
616 95613
617 94774
618 95219
619 94908
620 95339
621 94979
622 95107
623 95212
624 95995
625 95789
626 95454
627 95432
628 95438
629 95918
630 95328
631 95422
632 96091
633 95357
634 95940
635 95518
636 96013
637 95838
638 95732
639 95845
640 95896
641 95261
642 95150
643 95382
644 95368
645 95374
646 95320
647 95856
648 95285
649 96013
650 95822
651 95841
652 95919
653 95668
654 94857
655 96032
656 95263
657 95750
658 94788
659 95132
660 95340
661 95434
662 94736
663 95296
664 95805
665 95466
666 94925
667 95476
668 95544
669 95309
670 95833
671 96044
672 95672
673 95340
674 95424
675 95364
676 95359
677 95749
678 95258
679 94421
680 95386
681 95174
682 95731
683 95487
684 95509
685 94613
686 95386
687 95102
688 95444
689 95717
690 95220
691 95115
692 95941
693 95637
694 95469
695 95515
696 95029
697 95361
698 95464
699 95331
700 95282
701 95838
702 95230
703 95941
704 95431
705 95997
706 95368
707 95515
708 95677
709 95363
710 95423
711 95777
712 95627
713 96036
714 95433
715 95359
716 95996
717 95192
718 95116
719 95654
720 95152
721 95518
722 95602
723 95220
724 96114
725 95517
726 95505
727 95340
728 95397
729 95772
730 95498
731 95420
732 95499
733 95132
734 95438
735 95395
736 94933
737 95545
738 95436
739 95575
740 95648
741 95266
742 95235
743 95256
744 95500
745 95860
746 96049
747 95458
748 96078
749 95204
750 95846
751 95526
752 95477
753 95458
754 95810
755 95613
756 95295
757 95924
758 95779
759 95937
760 95420
761 95260
762 95536
763 95380
764 95125
765 95817
766 95475
767 95219
768 95706
769 95999
770 95700
771 95203
772 95514
773 95359
774 95955
775 95407
776 95352
777 95720
778 95237
779 95042
780 95789
781 95651
782 95540
783 95180
784 95355
785 95869
786 95812
787 95674
788 96078
789 94805
790 95676
791 94415
792 95815
793 95406
794 95161
795 95574
796 95835
797 95551
798 94864
799 95269
800 95092
801 95526
802 95398
803 95278
804 95575
805 95261
806 94827
807 95733
808 95299
809 95404
810 95289
811 95037
812 94703
813 95058
814 94814
815 95151
816 95226
817 95272
818 94701
819 95947
820 95236
821 95149
822 95256
823 95681
824 94412
825 95372
826 95795
827 94646
828 95586
829 95411
830 95389
831 95316
832 94994
833 95508
834 95123
835 94978
836 95855
837 95982
838 95120
839 95297
840 95230
841 95856
842 95241
843 95198
844 95267
845 94941
846 94897
847 95357
848 95012
849 94460
850 94820
851 95827
852 94592
853 94543
854 94990
855 95545
856 95384
857 95314
858 95144
859 95130
860 94582
861 95460
862 95114
863 94647
864 94621
865 95060
866 95934
867 95367
868 95228
869 95244
870 96083
871 95738
872 95400
873 95145
874 95231
875 94986
876 95083
877 95110
878 95185
879 94667
880 95713
881 95363
882 95271
883 95100
884 95288
885 95966
886 95266
887 94952
888 95333
889 95083
890 95337
891 95372
892 95281
893 95165
894 95139
895 95177
896 95386
897 96055
898 95096
899 95668
900 95864
901 94924
902 94789
903 94904
904 95518
905 95932
906 95933
907 95458
908 94650
909 95997
910 95337
911 95530
912 94974
913 95329
914 95486
915 95060
916 95030
917 95419
918 95129
919 95263
920 95906
921 95484
922 95753
923 95243
924 95114
925 95823
926 95341
927 95063
928 95286
929 94715
930 95087
931 95819
932 95010
933 95074
934 95043
935 95223
936 95780
937 95143
938 95005
939 95244
940 95647
941 95297
942 95360
943 95038
944 95330
945 95923
946 94977
947 95672
948 95370
949 95469
950 95440
951 95399
952 94619
953 95977
954 94908
955 95249
956 94881
957 95551
958 95814
959 95480
960 95299
961 95355
962 95195
963 95615
964 95783
965 95424
966 94951
967 95541
968 95746
969 95239
970 95741
971 95788
972 95984
973 95952
974 95199
975 95897
976 96034
977 95988
978 95376
979 95292
980 95172
981 95171
982 95944
983 95183
984 95887
985 95359
986 95503
987 95947
988 95384
989 95824
990 95930
991 96037
992 95448
993 95196
994 95671
995 95450
996 95743
997 96064
998 95787
999 95912
1000 95735
1001 95467
1002 95456
1003 95673
1004 95284
1005 95782
1006 96115
1007 95868
1008 96041
1009 96076
1010 95344
1011 95269
1012 95664
1013 95521
1014 95807
1015 95931
1016 95357
1017 95293
1018 95414
1019 95917
1020 95694
1021 95264
1022 95474
1023 95977
1024 95462
1025 95468
1026 95876
1027 95479
1028 95077
1029 95763
1030 94914
1031 95189
1032 95331
1033 96098
1034 95708
1035 95924
1036 95633
1037 95534
1038 95191
1039 95769
1040 95748
1041 95982
1042 95257
1043 95805
1044 95347
1045 95581
1046 95420
1047 95431
1048 95495
1049 95929
1050 95351
1051 95614
1052 95406
1053 95454
1054 95501
1055 95363
1056 95744
1057 95478
1058 95497
1059 95911
1060 95548
1061 95914
1062 95882
1063 95398
1064 95859
1065 95487
1066 96042
1067 94954
1068 95696
1069 95321
1070 95302
1071 95441
1072 96033
1073 95435
1074 95445
1075 95585
1076 95474
1077 95518
1078 96013
1079 96075
1080 96070
1081 95963
1082 95961
1083 95978
1084 95983
1085 95201
1086 95542
1087 96021
1088 95391
1089 95727
1090 95634
1091 95139
1092 95390
1093 95386
1094 95758
1095 95507
1096 95716
1097 95130
1098 95736
1099 95057
1100 95238
1101 95703
1102 95367
1103 95431
1104 95479
1105 95255
1106 95956
1107 95951
1108 95398
1109 95840
1110 95673
1111 95698
1112 95376
1113 95453
1114 95130
1115 95816
1116 95292
1117 95807
1118 95743
1119 95853
1120 94991
1121 95242
1122 95977
1123 94892
1124 95971
1125 95926
1126 95367
1127 95521
1128 95774
1129 95322
1130 94928
1131 95469
1132 95398
1133 94929
1134 95145
1135 95379
1136 95289
1137 95632
1138 95215
1139 95452
1140 95639
1141 95385
1142 95446
1143 95225
1144 94761
1145 95176
1146 95797
1147 95724
1148 95363
1149 95387
1150 95855
1151 95809
1152 96059
1153 95947
1154 95099
1155 95090
1156 95334
1157 95678
1158 95302
1159 95696
1160 95288
1161 95919
1162 95151
1163 95435
1164 94999
1165 95388
1166 95224
1167 95755
1168 95891
1169 95438
1170 95468
1171 95956
1172 95910
1173 95528
1174 95383
1175 95307
1176 95434
1177 95673
1178 95485
1179 95458
1180 95305
1181 95739
1182 95437
1183 95553
1184 95449
1185 95837
1186 95911
1187 94905
1188 95125
1189 95189
1190 95735
1191 95982
1192 95783
1193 94990
1194 95893
1195 95290
1196 95795
1197 95426
1198 95334
1199 95211
1200 95858
1201 95667
1202 95460
1203 95629
1204 95335
1205 95355
1206 95476
1207 95336
1208 95964
1209 95496
1210 95449
1211 95301
1212 95396
1213 95758
1214 95435
1215 95369
1216 95455
1217 95210
1218 95230
1219 95395
1220 95574
1221 95183
1222 95086
1223 95283
1224 95597
1225 95341
1226 95567
1227 94855
1228 95474
1229 95848
1230 94635
1231 94908
1232 94807
1233 95297
1234 95335
1235 95127
1236 95295
1237 95250
1238 95953
1239 95872
1240 95052
1241 95247
1242 95184
1243 95278
1244 95708
1245 95307
1246 95965
1247 95734
1248 95167
1249 95084
1250 95159
1251 95075
1252 94658
1253 95385
1254 95229
1255 96049
1256 95996
1257 95887
1258 95228
1259 95209
1260 95250
1261 95277
1262 95939
1263 95384
1264 95359
1265 95171
1266 95933
1267 95036
1268 95314
1269 95571
1270 95114
1271 95369
1272 95981
1273 95128
1274 95173
1275 95192
1276 95412
1277 95218
1278 95913
1279 96039
1280 95459
1281 95768
1282 95316
1283 94972
1284 95978
1285 94797
1286 95243
1287 95567
1288 95485
1289 95298
1290 95327
1291 95354
1292 95272
1293 94786
1294 95221
1295 95709
1296 95175
1297 95161
1298 95983
1299 95901
1300 95070
1301 95748
1302 95017
1303 95840
1304 96059
1305 95272
1306 95488
1307 95562
1308 95248
1309 95488
1310 95202
1311 95365
1312 95699
1313 95975
1314 95876
1315 95337
1316 94956
1317 95436
1318 95714
1319 95864
1320 95514
1321 95475
1322 95466
1323 95258
1324 95345
1325 95421
1326 94856
1327 95480
1328 95613
1329 95619
1330 95469
1331 95462
1332 95505
1333 95820
1334 95214
1335 95331
1336 95760
1337 95838
1338 95803
1339 95460
1340 95641
1341 95453
1342 95279
1343 95292
1344 95660
1345 95496
1346 95224
1347 95245
1348 95709
1349 96046
1350 95450
1351 95383
1352 95304
1353 96053
1354 95118
1355 95853
1356 95962
1357 95537
1358 95338
1359 94768
1360 94975
1361 95219
1362 95293
1363 95060
1364 95273
1365 95572
1366 95237
1367 95547
1368 95218
1369 94891
1370 95330
1371 94896
1372 95190
1373 95421
1374 95939
1375 95456
1376 95276
1377 95216
1378 96020
1379 95312
1380 95473
1381 95245
1382 95388
1383 95308
1384 95267
1385 95209
1386 95344
1387 95161
1388 95566
1389 95139
1390 95012
1391 94896
1392 95273
1393 95239
1394 95537
1395 95520
1396 95460
1397 95782
1398 95352
1399 95725
1400 95157
1401 94843
1402 95252
1403 95682
1404 95695
1405 95757
1406 95434
1407 95336
1408 95755
1409 95465
1410 95311
1411 94927
1412 95315
1413 94920
1414 94994
1415 95524
1416 95147
1417 95362
1418 94820
1419 95046
1420 95512
1421 95321
1422 95354
1423 95800
1424 95041
1425 95533
1426 94959
1427 95516
1428 95967
1429 95200
1430 94981
1431 95233
1432 95122
1433 95034
1434 95462
1435 96039
1436 95343
1437 95039
1438 95851
1439 95290
1440 95144
1441 95768
1442 95893
1443 95757
1444 94845
1445 95379
1446 95475
1447 95858
1448 96024
1449 95406
1450 95943
1451 95154
1452 95372
1453 94868
1454 95184
1455 95161
1456 95265
1457 95290
1458 95925
1459 95267
1460 95267
1461 95214
1462 95796
1463 95266
1464 95556
1465 95394
1466 95729
1467 95320
1468 95260
1469 95861
1470 94886
1471 96009
1472 95295
1473 96005
1474 96018
1475 95397
1476 95447
1477 95457
1478 95468
1479 95189
1480 95519
1481 95379
1482 94956
1483 95411
1484 95376
1485 95784
1486 95261
1487 95980
1488 95902
1489 95458
1490 95995
1491 95443
1492 95120
1493 95975
1494 95638
1495 95464
1496 95152
1497 95206
1498 95317
1499 95466
1500 96041
1501 95169
1502 95210
1503 95281
1504 95176
1505 95170
1506 95430
1507 95195
1508 95766
1509 95956
1510 95319
1511 95343
1512 95643
1513 95430
1514 95522
1515 95267
1516 95425
1517 95953
1518 95418
1519 94864
1520 95311
1521 95414
1522 95381
1523 95196
1524 94953
1525 95420
1526 94707
1527 95585
1528 95847
1529 95195
1530 95251
1531 95434
1532 95099
1533 95500
1534 95829
1535 95658
1536 95248
1537 95453
1538 95259
1539 94758
1540 95299
1541 94959
1542 95257
1543 95078
1544 95433
1545 94850
1546 94873
1547 95259
1548 96033
1549 95190
1550 95475
1551 95332
1552 95903
1553 95557
1554 95738
1555 95171
1556 95471
1557 94851
1558 95150
1559 95251
1560 95973
1561 95235
1562 95633
1563 95389
1564 95845
1565 95638
1566 95796
1567 95290
1568 95463
1569 95220
1570 94801
1571 95356
1572 96001
1573 95377
1574 94900
1575 95435
1576 95212
1577 95426
1578 95774
1579 95341
1580 94926
1581 95528
1582 95822
1583 95000
1584 95814
1585 95342
1586 94630
1587 95392
1588 95159
1589 94594
1590 94404
1591 95235
1592 95296
1593 95271
1594 95283
1595 95663
1596 95350
1597 95633
1598 95205
1599 95363
1600 94966
1601 95899
1602 95450
1603 95940
1604 95285
1605 95556
1606 95897
1607 95377
1608 95329
1609 95638
1610 95934
1611 96006
1612 95664
1613 95310
1614 95449
1615 95113
1616 95749
1617 96081
1618 95376
1619 95915
1620 95115
1621 95343
1622 95734
1623 95415
1624 95915
1625 95478
1626 95027
1627 95026
1628 95309
1629 95495
1630 96105
1631 95302
1632 95274
1633 95240
1634 95328
1635 95945
1636 95762
1637 95476
1638 94731
1639 95491
1640 95544
1641 95386
1642 95414
1643 94899
1644 95490
1645 95458
1646 95373
1647 95330
1648 95865
1649 95971
1650 95121
1651 95494
1652 95089
1653 95616
1654 94798
1655 95647
1656 95138
1657 95260
1658 95307
1659 96074
1660 95010
1661 95527
1662 95247
1663 95117
1664 95334
1665 95155
1666 95695
1667 94894
1668 95286
1669 96016
1670 95760
1671 95634
1672 95638
1673 95158
1674 95205
1675 96042
1676 95967
1677 95205
1678 95184
1679 95283
1680 95295
1681 95123
1682 95178
1683 95558
1684 95499
1685 95404
1686 95030
1687 95595
1688 95971
1689 95144
1690 95252
1691 95251
1692 95754
1693 95269
1694 95219
1695 95087
1696 95444
1697 95469
1698 95214
1699 95253
1700 95816
1701 95369
1702 95552
1703 95315
1704 95199
1705 95216
1706 95402
1707 95345
1708 95458
1709 95435
1710 95252
1711 95440
1712 95918
1713 95743
1714 95612
1715 95290
1716 95699
1717 95952
1718 95197
1719 95344
1720 95492
1721 95984
1722 95148
1723 95619
1724 95491
1725 95666
1726 95439
1727 95993
1728 95172
1729 95296
1730 95420
1731 95434
1732 95095
1733 95617
1734 95348
1735 95603
1736 95308
1737 95425
1738 95189
1739 95266
1740 95768
1741 95549
1742 95857
1743 95886
1744 95934
1745 95286
1746 95337
1747 95955
1748 95517
1749 95935
1750 94773
1751 95329
1752 96061
1753 95461
1754 94742
1755 95340
1756 95508
1757 94918
1758 95288
1759 95084
1760 95140
1761 95004
1762 94909
1763 95748
1764 94845
1765 94737
1766 95962
1767 94824
1768 95737
1769 94567
1770 95645
1771 95777
1772 95190
1773 94927
1774 94994
1775 95094
1776 95177
1777 95569
1778 94778
1779 94867
1780 94445
1781 95771
1782 95369
1783 95171
1784 95408
1785 95800
1786 95045
1787 95369
1788 95115
1789 95472
1790 95128
1791 95392
1792 95879
1793 95883
1794 95199
1795 95274
1796 95637
1797 95310
1798 95764
1799 95357
1800 95868
1801 95116
1802 95881
1803 95344
1804 95234
1805 95310
1806 95905
1807 95898
1808 95093
1809 95429
1810 95117
1811 95978
1812 95402
1813 95353
1814 95748
1815 95279
1816 95711
1817 95614
1818 95695
1819 95220
1820 95743
1821 95546
1822 95518
1823 95386
1824 95445
1825 95952
1826 95721
1827 94986
1828 95808
1829 95361
1830 95394
1831 95374
1832 95595
1833 94923
1834 95490
1835 95407
1836 95351
1837 95377
1838 95053
1839 95873
1840 95267
1841 95357
1842 95554
1843 94914
1844 95951
1845 95300
1846 95411
1847 95407
1848 95206
1849 94948
1850 94844
1851 95434
1852 95326
1853 95412
1854 95241
1855 95064
1856 95489
1857 95252
1858 95785
1859 95360
1860 94933
1861 95264
1862 95627
1863 95879
1864 95367
1865 94934
1866 95400
1867 94503
1868 94623
1869 95269
1870 95347
1871 94933
1872 95632
1873 95854
1874 95307
1875 95597
1876 95460
1877 95435
1878 95249
1879 95608
1880 95296
1881 95097
1882 95292
1883 95715
1884 95624
1885 95293
1886 96018
1887 95855
1888 95614
1889 95310
1890 95322
1891 95467
1892 95351
1893 95390
1894 95741
1895 95486
1896 94917
1897 95438
1898 95884
1899 95933
1900 94378
1901 96036
1902 94497
1903 96095
1904 95368
1905 95327
1906 94757
1907 95150
1908 95196
1909 95256
1910 95412
1911 95250
1912 95361
1913 95841
1914 95152
1915 95412
1916 95247
1917 95299
1918 95605
1919 95173
1920 95487
1921 95389
1922 95032
1923 95174
1924 95661
1925 95293
1926 95373
1927 95917
1928 95636
1929 95299
1930 95199
1931 95074
1932 95436
1933 95338
1934 96016
1935 95216
1936 95383
1937 95823
1938 95884
1939 96001
1940 96045
1941 95620
1942 95484
1943 95811
1944 95446
1945 95776
1946 95934
1947 95200
1948 95465
1949 95340
1950 95328
1951 95352
1952 95068
1953 95412
1954 94840
1955 96055
1956 95763
1957 94603
1958 95586
1959 95363
1960 95357
1961 95175
1962 95493
1963 94848
1964 95452
1965 95728
1966 95118
1967 95366
1968 95182
1969 95209
1970 95791
1971 95766
1972 95007
1973 94982
1974 94952
1975 95699
1976 95168
1977 95074
1978 95194
1979 94944
1980 94945
1981 95398
1982 95923
1983 95620
1984 95290
1985 95258
1986 95304
1987 95714
1988 95086
1989 94995
1990 95301
1991 95207
1992 95956
1993 95969
1994 95274
1995 94966
1996 95831
1997 94962
1998 95896
1999 94930
2000 95215
2001 95580
2002 95318
2003 95955
2004 95163
2005 95531
2006 96058
2007 95423
2008 95951
2009 95332
2010 95842
2011 95840
2012 95265
2013 95875
2014 95291
2015 95107
2016 95422
2017 96057
2018 95636
2019 95655
2020 95782
2021 95225
2022 94965
2023 95377
2024 95131
2025 95869
2026 95757
2027 95069
2028 95120
2029 94801
2030 95296
2031 95915
2032 94810
2033 95223
2034 95372
2035 95509
2036 95423
2037 95428
2038 95383
2039 95479
2040 95161
2041 95231
2042 95068
2043 95956
2044 95049
2045 94962
2046 96095
2047 95319
2048 95200
2049 95657
2050 95117
2051 94985
2052 95315
2053 95341
2054 96030
2055 95059
2056 94435
2057 95181
2058 95681
2059 95470
2060 95264
2061 95428
2062 95191
2063 95203
2064 95769
2065 95295
2066 95478
2067 95183
2068 95358
2069 95339
2070 95240
2071 95361
2072 95328
2073 95887
2074 95387
2075 95228
2076 95209
2077 95803
2078 95277
2079 95013
2080 95768
2081 95395
2082 95065
2083 95686
2084 94834
2085 95305
2086 95184
2087 95372
2088 95786
2089 95797
2090 95750
2091 95761
2092 95266
2093 95471
2094 95318
2095 95171
2096 95091
2097 95565
2098 95931
2099 95136
2100 95353
2101 95423
2102 95520
2103 96045
2104 95266
2105 96160
2106 95240
2107 95552
2108 95081
2109 95672
2110 95243
2111 94920
2112 95866
2113 95363
2114 96034
2115 95207
2116 95366
2117 95818
2118 95966
2119 95813
2120 95211
2121 95681
2122 95278
2123 95787
2124 95381
2125 95618
2126 95911
2127 95858
2128 95443
2129 95717
2130 95729
2131 95241
2132 95778
2133 95913
2134 95233
2135 95843
2136 95357
2137 95831
2138 95683
2139 95945
2140 95301
2141 95943
2142 95251
2143 95641
2144 95560
2145 96062
2146 95918
2147 95305
2148 95149
2149 94740
2150 95237
2151 95115
2152 95028
2153 95741
2154 94876
2155 95236
2156 95382
2157 95141
2158 95377
2159 95757
2160 95156
2161 95938
2162 95961
2163 95059
2164 95359
2165 95347
2166 95738
2167 95220
2168 95653
2169 95957
2170 95228
2171 95275
2172 96079
2173 95851
2174 96053
2175 95001
2176 95457
2177 95201
2178 95321
2179 95351
2180 95523
2181 95821
2182 95236
2183 95512
2184 95854
2185 95677
2186 95310
2187 95999
2188 95388
2189 95426
2190 95951
2191 95756
2192 95503
2193 95758
2194 95820
2195 95628
2196 95035
2197 95153
2198 95597
2199 95215
2200 95334
2201 95140
2202 95142
2203 95340
2204 95470
2205 95498
2206 95558
2207 95341
2208 95297
2209 95431
2210 95230
2211 95153
2212 95497
2213 95381
2214 95774
2215 95430
2216 95187
2217 95992
2218 95909
2219 95329
2220 95670
2221 95275
2222 96032
2223 95709
2224 95559
2225 95288
2226 96024
2227 95548
2228 95465
2229 95919
2230 95483
2231 95507
2232 95429
2233 95763
2234 95350
2235 95419
2236 95579
2237 95888
2238 95980
2239 95475
2240 95885
2241 95088
2242 95891
2243 95882
2244 95393
2245 95641
2246 95443
2247 96042
2248 95365
2249 95684
2250 95846
2251 95776
2252 95270
2253 95330
2254 95338
2255 94969
2256 94882
2257 95809
2258 95025
2259 95077
2260 95173
2261 95205
2262 95788
2263 95044
2264 95340
2265 95098
2266 95230
2267 95048
2268 95336
2269 95378
2270 95776
2271 96080
2272 95155
2273 95076
2274 95843
2275 95381
2276 95415
2277 95651
2278 95549
2279 94917
2280 95426
2281 95858
2282 95897
2283 95880
2284 95412
2285 95408
2286 95388
2287 95712
2288 96078
2289 95380
2290 95767
2291 95198
2292 95303
2293 96069
2294 95182
2295 95518
2296 95268
2297 95327
2298 94964
2299 94953
2300 95224
2301 95246
2302 96010
2303 95638
2304 95176
2305 95999
2306 95514
2307 95492
2308 95976
2309 96088
2310 95509
2311 95482
2312 95536
2313 95523
2314 95391
2315 95672
2316 95981
2317 96001
2318 95922
2319 95450
2320 95344
2321 95169
2322 95944
2323 94312
2324 95803
2325 94982
2326 94914
2327 95321
2328 95495
2329 95225
2330 95112
2331 95633
2332 95655
2333 95079
2334 95629
2335 95467
2336 95977
2337 95929
2338 95153
2339 95190
2340 95326
2341 95819
2342 95950
2343 95531
2344 95552
2345 95163
2346 95464
2347 95439
2348 95231
2349 95612
2350 95876
2351 95742
2352 95479
2353 96096
2354 95336
2355 95680
2356 94735
2357 95266
2358 95092
2359 95255
2360 95527
2361 95313
2362 96056
2363 95697
2364 96033
2365 95940
2366 95395
2367 95995
2368 95390
2369 95347
2370 95405
2371 95427
2372 95451
2373 95473
2374 95507
2375 95638
2376 95371
2377 95721
2378 95525
2379 95439
2380 95284
2381 95696
2382 96104
2383 95297
2384 95419
2385 95266
2386 95603
2387 95084
2388 95598
2389 95602
2390 96120
2391 95304
2392 96042
2393 95230
