1 722005
2 628018
3 675713
4 681019
5 721572
6 719515
7 725573
8 723681
9 677101
10 724328
11 723996
12 723411
13 720735
14 725826
15 770809
16 765833
17 769917
18 768054
19 771037
20 771631
21 773126
22 771349
23 771505
24 773177
25 771709
26 770415
27 773421
28 770127
29 772999
30 773721
31 771932
32 773198
33 771793
34 769577
35 773249
36 769531
37 770840
38 771724
39 770666
40 771947
41 773238
42 772324
43 773509
44 771771
45 771620
46 771260
47 772267
48 771960
49 772928
50 772191
51 773404
52 772753
53 772354
54 772135
55 773062
56 772794
57 771071
58 772669
59 775592
60 772684
61 772908
62 771379
63 772510
64 773636
65 769650
66 771976
67 770339
68 774799
69 772385
70 769729
71 769732
72 770305
73 773422
74 772320
75 771568
76 771933
77 772453
78 771799
79 773898
80 770136
81 772187
82 771417
83 771459
84 770834
85 772581
86 773216
87 770231
88 768593
89 774490
90 771962
91 771562
92 770827
93 771658
94 773221
95 769802
96 771849
97 770538
98 772647
99 774628
100 770429
101 770727
102 769866
103 773070
104 772754
105 772111
106 774423
107 772319
108 770351
109 772357
110 773298
111 770138
112 773775
113 771834
114 769153
115 769553
116 772877
117 772628
118 774779
119 769153
120 769976
121 771748
122 771995
123 771171
124 774183
125 770177
126 773725
127 773463
128 775120
129 770994
130 771923
131 772164
132 771418
133 774649
134 773452
135 772703
136 772796
137 769428
138 771452
139 772209
140 771476
141 771416
142 769981
143 773405
144 771398
145 772185
146 773204
147 772100
148 772120
149 771060
150 772363
151 770734
152 771823
153 772160
154 769778
155 771091
156 772892
157 773376
158 770204
159 773035
160 769920
161 771808
162 774170
163 772747
164 773266
165 770013
166 767135
167 771876
168 772114
169 770905
170 771643
171 769869
172 770879
173 771387
174 771471
175 771516
176 772415
177 770749
178 772428
179 772082
180 771455
181 770447
182 770985
183 772101
184 771818
185 772092
186 772535
187 771071
188 772194
189 771895
190 772091
191 771824
192 769781
193 771837
194 772687
195 772428
196 771429
197 768628
198 771541
199 770626
200 773149
201 772368
202 768644
203 770326
204 772869
205 772091
206 771674
207 772806
208 771598
209 772227
210 773238
211 769131
212 772651
213 772119
214 773024
215 771213
216 773044
217 770342
218 771243
219 772093
220 774261
221 771803
222 770400
223 771290
224 772282
225 772205
226 773441
227 771469
228 774106
229 773231
230 771130
231 772258
232 775641
233 771923
234 772029
235 774447
236 773810
237 773647
238 773233
239 772165
240 772160
241 772576
242 771476
243 774825
244 771973
245 773131
246 774358
247 772006
248 772325
249 772064
250 774517
251 773467
252 773370
253 770974
254 772467
255 771251
256 773024
257 769778
258 772623
259 771912
260 772361
261 772512
262 769689
263 772779
264 773011
265 770931
266 770322
267 773283
268 773838
269 773433
270 772481
271 773982
272 773147
273 772932
274 770811
275 769521
276 769787
277 772302
278 772236
279 770731
280 772637
281 772863
282 769868
283 771768
284 770819
285 771639
286 771659
287 769951
288 771543
289 772879
290 770926
291 772362
292 770833
293 772496
294 771576
295 771024
296 772775
297 774183
298 772526
299 771139
300 770911
301 769965
302 771134
303 771434
304 771854
305 773859
306 772516
307 771875
308 773138
309 773837
310 775822
311 774738
312 771994
313 772073
314 770987
315 772182
316 771616
317 771388
318 769823
319 773354
320 774310
321 769443
322 773056
323 772228
324 772907
325 772139
326 771345
327 773723
