0 7931
1 7909
2 7894
3 12290
4 8834
5 17411
6 17243
7 17956
8 17182
9 20354
10 17771
11 17002
12 17593
13 17750
14 17462
15 17419
16 17288
17 17701
18 17720
19 18483
20 18886
21 19052
22 18472
23 18667
24 18614
25 18710
26 18588
27 20904
28 20867
29 20848
30 20916
31 21481
32 21605
33 13639
34 19742
35 19743
36 19731
37 19758
38 22366
39 22359
40 22200
41 22449
42 22345
43 22503
44 22437
45 22633
46 22570
47 22647
48 22605
49 22622
50 22647
51 22595
52 22633
53 22719
54 22612
55 22664
56 22687
57 22741
58 22698
59 22739
60 22673
61 22707
62 22658
63 22686
64 22620
65 22730
66 22642
67 22713
68 22672
69 22691
70 22685
71 22718
72 22691
73 22718
74 22645
75 22627
76 22669
77 22618
78 22685
79 22681
80 22652
81 22656
82 22719
83 22714
84 22657
85 22709
86 22689
87 22617
88 22656
89 22632
90 22673
91 22721
92 22725
93 22616
94 22686
95 22716
96 22700
97 22595
98 22697
99 22654
100 22636
101 22568
102 22651
103 22659
104 22672
105 22579
106 22605
107 22720
108 22689
109 22664
110 22685
111 22701
112 22668
113 22717
114 22666
115 22719
116 22686
117 22697
118 22693
119 22644
120 22612
121 22624
122 22658
123 22611
124 22675
125 22684
126 22728
127 22736
128 22674
129 22641
130 22670
131 22706
132 22692
133 22614
134 22641
135 22635
136 22708
137 22678
138 22729
139 22675
140 22687
141 22667
142 22714
143 22705
144 22632
145 22681
146 22672
147 22724
148 22719
149 22663
150 22711
151 22697
152 22700
153 22731
154 22690
155 22701
156 22681
157 22670
158 22705
159 22705
160 22706
161 22662
162 22728
163 22651
164 22747
165 22659
166 22675
167 22724
168 22697
169 22688
170 22616
171 22657
172 22676
173 22680
174 22678
175 22667
176 22674
177 22695
178 22662
179 22666
180 22682
181 22671
182 22671
183 22702
184 22681
185 22715
186 22667
187 22735
188 22735
189 22649
190 22640
191 22677
192 22661
193 22714
194 22672
195 22655
196 22705
197 22717
198 22682
199 22695
200 22643
201 22697
202 22632
203 22700
204 22640
205 22677
206 22707
207 22648
208 22691
209 22643
210 22694
211 22677
212 22639
213 22718
214 22697
215 22676
216 22718
217 22644
218 22674
219 22696
220 22705
221 22714
222 22711
223 22717
224 22644
225 22729
226 22701
227 22698
228 22713
229 22696
230 22695
231 22657
232 22660
233 22673
234 22725
235 22695
236 22697
237 22660
238 22686
239 22709
240 22718
241 22698
242 22734
243 22714
244 22694
245 22696
246 22715
247 22712
248 22666
249 22710
250 22734
251 22700
252 22694
253 22716
254 22725
255 22676
256 22690
257 22699
258 22723
259 22694
260 22689
261 22718
262 22720
263 22715
264 22714
265 22737
266 22748
267 22675
268 22653
269 22665
270 22699
271 22656
272 22689
273 22728
274 22692
275 22723
276 22633
277 22662
278 22695
279 22686
280 22705
281 22734
282 22707
283 22642
284 22714
285 22688
286 22651
287 22738
288 22711
289 22656
290 22710
291 22730
292 22685
293 22693
294 22728
295 22696
296 22705
297 22697
298 22694
299 22723
300 22725
301 22648
302 22629
303 22710
304 22699
305 22700
306 22697
307 22664
308 22736
309 22693
310 22709
311 22719
312 22663
313 22730
314 22717
315 22659
316 22636
317 22688
318 22726
319 22725
320 22703
321 22691
322 22680
323 22682
324 22687
325 22709
326 22667
327 22690
328 22689
329 22695
330 22703
331 22671
332 22734
333 22682
334 22718
335 22719
336 22658
337 22742
338 22750
339 22643
340 22679
341 22702
342 22701
343 22695
344 22634
345 22699
346 22690
347 22705
348 22682
349 22687
350 22706
351 22668
352 22706
353 22671
354 22718
355 22680
356 22701
357 22717
358 22671
359 22725
360 22694
361 22695
362 22708
363 22665
364 22684
365 22693
366 22748
367 22698
368 22657
369 22637
370 22663
371 22703
372 22717
373 22691
374 22733
375 22695
376 22651
377 22639
378 22679
379 22729
380 22688
381 22745
382 22682
383 22726
384 22700
385 22681
386 22705
387 22701
388 22657
389 22720
390 22727
391 22670
392 22696
393 22666
394 22707
395 22691
396 22683
397 22710
398 22677
399 22710
400 22727
401 22746
402 22741
403 22704
404 22713
405 22676
406 22703
407 22692
408 22714
409 22688
410 22699
411 22681
412 22692
413 22711
414 22723
415 22755
416 22675
417 22691
418 22665
419 22653
420 22710
421 22661
422 22686
423 22707
424 22679
425 22702
426 22688
427 22670
428 22703
429 22738
430 22667
431 22705
432 22708
433 22680
434 22688
435 22705
436 22672
437 22652
438 22684
439 22680
440 22656
441 22678
442 22701
443 22663
444 22697
445 22693
446 22664
447 22610
448 22687
449 22680
450 22661
451 22669
452 22688
453 22699
454 22691
455 22673
456 22657
457 22728
458 22675
459 22683
460 22731
461 22724
462 22727
463 22697
464 22684
465 22695
466 22692
467 22743
468 22682
469 22723
470 22680
471 22666
472 22696
473 22729
474 22712
475 22683
476 22705
477 22709
478 22708
479 22697
480 22710
481 22696
482 22694
483 22711
484 22716
485 22732
486 22686
487 22672
488 22692
489 22685
490 22720
491 22695
492 22725
493 22693
494 22671
495 22723
496 22698
497 22658
498 22691
499 22691
500 22681
501 22666
502 22697
503 22672
504 22701
505 22676
506 22713
507 22650
508 22675
509 22688
510 22718
511 22675
512 22703
513 22690
514 22686
515 22670
516 22682
517 22630
518 22691
519 22681
520 22664
521 22712
522 22697
523 22692
524 22700
525 22701
526 22728
527 22613
528 22655
529 22645
530 22694
531 22684
532 22666
533 22637
534 22637
535 22661
536 22649
537 22727
538 22693
539 22711
540 22666
541 22665
542 22720
543 22712
544 22677
545 22695
546 22673
547 22648
548 22703
549 22680
550 22661
551 22685
552 22710
553 22701
554 22708
555 22703
556 22654
557 22674
558 22707
559 22707
560 22704
561 22730
562 22683
563 22737
564 22680
565 22690
566 22733
567 22686
568 22684
569 22685
570 22676
571 22728
572 22697
573 22729
574 22688
575 22652
576 22740
577 22682
578 22693
579 22658
580 22677
581 22733
582 22714
583 22732
584 22723
585 22685
586 22707
587 22731
588 22666
589 22707
590 22709
591 22714
592 22701
593 22685
594 22681
595 22687
596 22712
597 22699
598 22719
599 22696
600 22658
601 22682
602 22662
603 22711
604 22705
605 22687
606 22695
607 22701
608 22696
609 22712
610 22722
611 22670
612 22719
613 22687
614 22698
615 22713
616 22702
617 22707
618 22688
619 22713
620 22688
621 22712
622 22717
623 22693
624 22684
625 22670
626 22678
627 22738
628 22691
629 22706
630 22675
631 22698
632 22732
633 22688
634 22725
635 22710
636 22724
637 22699
638 22687
639 22692
640 22684
641 22711
642 22731
643 22725
644 22721
645 22673
646 22654
647 22682
648 22702
649 22686
650 22686
651 22691
652 22703
653 22730
654 22677
655 22663
656 22742
657 22701
658 22757
659 22734
660 22670
661 22675
662 22694
663 22701
664 22674
665 22687
666 22704
667 22695
668 22689
669 22713
670 22645
671 22703
672 22711
673 22680
674 22703
675 22693
676 22677
677 22683
678 22701
679 22704
680 22747
681 22696
682 22660
683 22713
684 22716
685 22708
686 22710
687 22715
688 22741
689 22686
690 22696
691 22683
692 22700
693 22663
694 22721
695 22703
696 22697
697 22700
698 22684
699 22686
700 22666
701 22720
702 22738
703 22682
704 22705
705 22697
706 22727
707 22702
708 22701
709 22710
710 22704
711 22691
712 22643
713 22692
714 22739
715 22726
716 22719
717 22670
718 22705
719 22690
720 22706
721 22689
722 22716
723 22756
724 22706
725 22736
726 22693
727 22733
728 22703
729 22698
730 22707
731 22699
732 22695
733 22748
734 22676
735 22730
736 22724
737 22669
738 22718
739 22701
740 22726
741 22707
742 22721
743 22723
744 22694
745 22723
746 22699
747 22669
748 22722
749 22704
750 22697
751 22735
752 22726
753 22720
754 22724
755 22699
756 22709
757 22703
758 22696
759 22695
760 22731
761 22668
762 22704
763 22691
764 22671
765 22720
766 22708
767 22697
768 22678
769 22687
770 22715
771 22700
772 22680
773 22704
774 22668
775 22667
776 22665
777 22669
778 22711
779 22689
780 22627
781 22726
782 22755
783 22650
784 22707
785 22679
786 22706
787 22697
788 22683
789 22720
790 22707
791 22735
792 22689
793 22705
794 22733
795 22733
796 22718
797 22701
798 22701
799 22672
800 22702
801 22712
802 22729
803 22730
804 22742
805 22717
806 22689
807 22659
808 22722
809 22723
810 22678
811 22721
812 22649
813 22727
814 22713
815 22681
816 22714
817 22695
818 22719
819 22692
820 22670
821 22676
822 22691
823 22730
824 22713
825 22675
826 22676
827 22745
828 22689
829 22643
830 22692
831 22729
832 22690
833 22702
834 22678
835 22725
836 22692
837 22703
838 22712
839 22692
840 22676
841 22690
842 22714
843 22719
844 22678
845 22718
846 22729
847 22680
848 22738
849 22720
850 22695
851 22710
852 22695
853 22687
854 22692
855 22691
856 22639
857 22724
858 22708
859 22702
860 22739
861 22684
862 22720
863 22708
864 22675
865 22689
866 22737
867 22658
868 22724
869 22682
870 22698
871 22658
872 22700
873 22709
874 22737
875 22723
876 22714
877 22728
878 22706
879 22730
880 22706
881 22703
882 22684
883 22702
884 22693
885 22719
886 22712
887 22664
888 22729
889 22667
890 22710
891 22685
892 22705
893 22734
894 22720
895 22698
896 22687
897 22698
898 22702
899 22667
900 22715
901 22722
902 22708
903 22678
904 22707
905 22708
906 22690
907 22711
908 22653
909 22695
910 22711
911 22641
912 22711
913 22682
914 22670
915 22716
916 22671
917 22687
918 22704
919 22735
920 22682
921 22722
922 22691
923 22716
924 22737
925 22716
926 22690
927 22700
928 22700
929 22693
930 22697
931 22681
932 22719
933 22702
934 22723
935 22694
936 22710
937 22672
938 22719
939 22742
940 22725
941 22694
942 22720
943 22730
944 22695
945 22695
946 22724
947 22679
948 22703
949 22714
950 22735
951 22682
952 22694
953 22723
954 22698
955 22670
956 22681
957 22695
958 22683
959 22665
960 22700
961 22689
962 22733
963 22713
964 22709
965 22736
966 22736
967 22740
968 22719
969 22698
970 22699
971 22684
972 22714
973 22686
974 22664
975 22698
976 22713
977 22703
978 22672
979 22677
980 22713
981 22696
982 22655
983 22698
984 22683
985 22711
986 22670
987 22670
988 22673
989 22676
990 22695
991 22682
992 22717
993 22690
994 22700
995 22743
996 22669
997 22728
998 22702
999 22746
1000 22716
1001 22703
1002 22676
1003 22693
1004 22705
1005 22744
1006 22749
1007 22713
1008 22742
1009 22752
1010 22701
1011 22665
1012 22683
1013 22679
1014 22693
1015 22743
1016 22680
1017 22656
1018 22679
1019 22738
1020 22698
1021 22738
1022 22682
1023 22731
1024 22737
1025 22706
1026 22662
1027 22715
1028 22751
1029 22758
1030 22698
1031 22686
1032 22742
1033 22697
1034 22671
1035 22749
1036 22726
1037 22690
1038 22641
1039 22709
1040 22702
1041 22719
1042 22669
1043 22725
1044 22715
1045 22733
1046 22671
1047 22728
1048 22731
1049 22743
1050 22724
1051 22741
1052 22718
1053 22704
1054 22718
1055 22665
1056 22705
1057 22695
1058 22700
1059 22682
1060 22721
1061 22732
1062 22706
1063 22688
1064 22691
1065 22730
1066 22726
1067 22723
1068 22665
1069 22692
1070 22698
1071 22664
1072 22641
1073 22748
1074 22701
1075 22730
1076 22712
1077 22726
1078 22728
1079 22715
1080 22741
1081 22703
1082 22697
1083 22665
1084 22717
1085 22681
1086 22703
1087 22656
1088 22700
1089 22701
1090 22696
1091 22674
1092 22704
1093 22683
1094 22749
1095 22701
1096 22735
1097 22651
1098 22676
1099 22699
1100 22722
1101 22692
1102 22713
1103 22722
1104 22738
1105 22689
1106 22698
1107 22661
1108 22683
1109 22676
1110 22707
1111 22688
1112 22736
1113 22718
1114 22675
1115 22739
1116 22712
1117 22716
1118 22708
1119 22664
1120 22676
1121 22723
1122 22681
1123 22721
1124 22702
1125 22665
1126 22701
1127 22709
1128 22708
1129 22716
1130 22680
1131 22689
1132 22700
1133 22683
1134 22726
1135 22702
1136 22674
1137 22744
1138 22734
1139 22720
1140 22690
1141 22667
1142 22693
1143 22718
1144 22690
1145 22729
1146 22734
1147 22695
1148 22703
1149 22681
1150 22694
1151 22683
1152 22734
1153 22689
1154 22672
1155 22725
1156 22674
1157 22716
1158 22748
1159 22747
1160 22713
1161 22712
1162 22730
1163 22707
1164 22690
1165 22716
1166 22711
1167 22724
1168 22741
1169 22703
1170 22723
1171 22703
1172 22755
1173 22724
1174 22710
1175 22662
1176 22704
1177 22626
1178 22646
1179 22735
1180 22714
1181 22678
1182 22727
1183 22718
1184 22710
1185 22695
1186 22662
1187 22689
1188 22720
1189 22696
1190 22679
1191 22709
1192 22704
1193 22702
1194 22713
1195 22709
1196 22702
1197 22716
1198 22720
1199 22690
1200 22659
1201 22732
1202 22707
1203 22678
1204 22665
1205 22722
1206 22730
1207 22734
1208 22689
1209 22742
1210 22693
1211 22680
1212 22688
1213 22702
1214 22753
1215 22700
1216 22732
1217 22701
1218 22722
1219 22707
1220 22703
1221 22751
1222 22725
1223 22696
1224 22738
1225 22728
1226 22727
1227 22707
1228 22719
1229 22716
1230 22698
1231 22700
1232 22694
1233 22662
1234 22742
1235 22717
1236 22711
1237 22704
1238 22689
1239 22679
1240 22716
1241 22692
1242 22675
1243 22750
1244 22700
1245 22719
1246 22681
1247 22706
1248 22711
1249 22731
1250 22708
1251 22700
1252 22691
1253 22692
1254 22715
1255 22719
1256 22654
1257 22617
1258 22701
1259 22677
1260 22704
1261 22715
1262 22684
1263 22695
1264 22734
1265 22733
1266 22727
1267 22678
1268 22728
1269 22657
1270 22687
1271 22712
1272 22683
1273 22712
1274 22668
1275 22685
1276 22726
1277 22697
1278 22740
1279 22705
1280 22739
1281 22685
1282 22753
1283 22704
1284 22685
1285 22724
1286 22696
1287 22736
1288 22689
1289 22694
1290 22692
1291 22725
1292 22674
1293 22730
1294 22751
1295 22713
1296 22707
1297 22724
1298 22741
1299 22706
1300 22725
1301 22661
1302 22678
1303 22761
1304 22666
1305 22711
1306 22656
1307 22686
1308 22698
1309 22659
1310 22721
1311 22693
1312 22754
1313 22687
1314 22713
1315 22653
1316 22690
1317 22743
1318 22681
1319 22702
1320 22689
1321 22683
1322 22728
1323 22642
1324 22698
1325 22690
1326 22713
1327 22688
1328 22656
1329 22683
1330 22669
1331 22715
1332 22742
1333 22700
1334 22701
1335 22684
1336 22745
1337 22731
1338 22710
1339 22724
1340 22736
1341 22687
1342 22719
1343 22712
1344 22711
1345 22741
1346 22725
1347 22646
1348 22732
1349 22709
1350 22690
1351 22724
1352 22693
1353 22710
1354 22671
1355 22713
1356 22693
1357 22683
1358 22699
1359 22758
1360 22711
1361 22698
1362 22680
1363 22728
1364 22698
1365 22693
1366 22732
1367 22695
1368 22706
1369 22712
1370 22716
1371 22735
1372 22726
1373 22734
1374 22696
1375 22726
1376 22744
1377 22693
1378 22703
1379 22722
1380 22695
1381 22716
1382 22740
1383 22722
1384 22737
1385 22700
1386 22692
1387 22709
1388 22700
1389 22709
1390 22672
1391 22702
1392 22718
1393 22702
1394 22706
1395 22716
1396 22717
1397 22701
1398 22699
1399 22682
1400 22661
1401 22691
1402 22698
1403 22734
1404 22709
1405 22731
1406 22650
1407 22690
1408 22717
1409 22717
1410 22700
1411 22684
1412 22709
1413 22708
1414 22718
1415 22733
1416 22725
1417 22698
1418 22687
1419 22712
1420 22697
1421 22738
1422 22715
1423 22737
1424 22661
1425 22680
1426 22689
1427 22691
1428 22712
1429 22720
1430 22705
1431 22621
1432 22630
1433 22689
1434 22686
1435 22721
1436 22672
1437 22720
1438 22686
1439 22681
1440 22667
1441 22697
1442 22691
1443 22648
1444 22710
1445 22726
1446 22706
1447 22671
1448 22695
1449 22691
1450 22723
1451 22721
1452 22740
1453 22699
1454 22675
1455 22691
1456 22678
1457 22696
1458 22680
1459 22693
1460 22695
1461 22724
1462 22683
1463 22710
1464 22736
1465 22679
1466 22731
1467 22665
1468 22711
1469 22721
1470 22715
1471 22736
1472 22674
1473 22746
1474 22750
1475 22696
1476 22688
1477 22662
1478 22696
1479 22706
1480 22731
1481 22713
1482 22691
1483 22668
1484 22701
1485 22709
1486 22691
1487 22709
1488 22659
1489 22702
1490 22701
1491 22677
1492 22700
1493 22723
1494 22726
1495 22694
1496 22652
1497 22731
1498 22692
1499 22692
1500 22724
1501 22704
1502 22728
1503 22751
1504 22685
1505 22696
1506 22718
1507 22730
1508 22732
1509 22726
1510 22722
1511 22724
1512 22701
1513 22697
1514 22737
1515 22731
1516 22709
1517 22725
1518 22694
1519 22678
1520 22742
1521 22714
1522 22709
1523 22671
1524 22731
1525 22677
1526 22702
1527 22747
1528 22682
1529 22679
1530 22702
1531 22740
1532 22693
1533 22696
1534 22732
1535 22697
1536 22742
1537 22683
1538 22660
1539 22691
1540 22739
1541 22743
1542 22722
1543 22723
1544 22745
1545 22713
1546 22717
1547 22712
1548 22746
1549 22751
1550 22700
1551 22744
1552 22720
1553 22697
1554 22720
1555 22718
1556 22688
1557 22726
1558 22741
1559 22685
1560 22706
1561 22678
1562 22729
1563 22735
1564 22699
1565 22703
1566 22738
1567 22711
1568 22701
1569 22726
1570 22680
1571 22678
1572 22681
1573 22676
1574 22703
1575 22710
1576 22723
1577 22690
1578 22701
1579 22707
1580 22698
1581 22716
1582 22713
1583 22705
1584 22719
1585 22710
1586 22677
1587 22702
1588 22705
1589 22726
1590 22709
1591 22747
1592 22703
1593 22709
1594 22694
1595 22704
1596 22728
1597 22739
1598 22704
1599 22718
1600 22683
1601 22698
1602 22715
1603 22696
1604 22709
1605 22728
1606 22707
1607 22726
1608 22719
1609 22684
1610 22708
1611 22696
1612 22713
1613 22715
1614 22713
1615 22664
1616 22717
1617 22706
1618 22690
1619 22666
1620 22646
1621 22713
1622 22739
1623 22712
1624 22674
1625 22674
1626 22628
1627 22685
1628 22687
1629 22675
1630 22730
1631 22650
1632 22701
1633 22651
1634 22680
1635 22712
1636 22707
1637 22684
1638 22746
1639 22715
1640 22711
1641 22755
1642 22697
1643 22684
1644 22668
1645 22685
1646 22668
1647 22692
1648 22732
1649 22717
1650 22711
1651 22685
1652 22697
1653 22657
1654 22703
1655 22705
1656 22705
1657 22707
1658 22698
1659 22699
1660 22675
1661 22695
1662 22720
1663 22707
1664 22674
1665 22695
1666 22697
1667 22712
1668 22730
1669 22699
1670 22690
1671 22719
1672 22680
1673 22683
1674 22679
1675 22674
1676 22710
1677 22710
1678 22679
1679 22671
1680 22741
1681 22677
1682 22706
1683 22735
1684 22733
1685 22703
1686 22724
1687 22724
1688 22699
1689 22693
1690 22689
1691 22654
1692 22682
1693 22654
1694 22687
1695 22699
1696 22720
1697 22661
1698 22706
1699 22742
1700 22720
1701 22709
1702 22703
1703 22657
1704 22664
1705 22665
1706 22741
1707 22725
1708 22748
1709 22671
1710 22743
1711 22683
1712 22698
1713 22669
1714 22706
1715 22689
1716 22722
1717 22710
1718 22721
1719 22688
1720 22651
1721 22710
1722 22711
1723 22665
1724 22687
1725 22693
1726 22682
1727 22714
1728 22688
1729 22682
1730 22670
1731 22652
1732 22609
1733 22651
1734 22726
1735 22709
1736 22710
1737 22709
1738 22665
1739 22697
1740 22721
1741 22743
1742 22709
1743 22689
1744 22712
1745 22677
1746 22737
1747 22735
1748 22680
1749 22704
1750 22700
1751 22725
1752 22756
1753 22711
1754 22658
1755 22682
1756 22705
1757 22681
1758 22695
1759 22704
1760 22701
1761 22725
1762 22688
1763 22756
1764 22665
1765 22724
1766 22734
1767 22726
1768 22726
1769 22725
1770 22710
1771 22728
1772 22710
1773 22725
1774 22702
1775 22685
1776 22703
1777 22713
1778 22717
1779 22693
1780 22691
1781 22713
1782 22712
1783 22680
1784 22734
1785 22726
1786 22715
1787 22704
1788 22690
1789 22693
1790 22731
1791 22670
