1 577201
2 456099
3 398888
4 441033
5 795872
6 696951
7 629414
8 502629
9 610914
10 800724
11 644952
12 494032
13 667189
14 504464
15 683267
16 602034
17 422997
18 424158
19 498459
20 336764
21 413407
22 530936
23 364524
24 704651
25 801078
26 602535
27 887771
28 700981
29 699544
30 892056
31 599684
32 503838
33 680229
34 524080
35 565516
36 498830
37 514967
38 790371
39 703769
40 552719
41 504427
42 498129
43 498619
44 801793
45 698027
46 722901
47 509112
48 422601
49 417386
50 465183
51 497861
52 801720
53 516427
54 701052
55 610461
56 793129
57 511309
58 596384
59 625139
60 728131
61 641204
62 319167
63 402912
64 557061
65 483860
66 499356
67 427950
68 465558
69 650572
70 600851
71 652542
72 500965
