1 500573
2 392843
3 393203
4 456820
5 415517
6 520898
7 501490
8 459443
9 507307
10 511696
11 456667
12 441149
13 471749
14 486366
15 452213
16 544956
17 494952
18 613398
19 606820
20 541445
21 546753
22 683020
23 560766
24 611884
25 686656
26 502478
27 596647
28 602526
29 593175
30 581020
31 740557
32 626149
33 699782
34 602019
35 630842
36 594481
37 682953
38 588647
39 631493
40 648943
41 704898
42 650417
43 735276
44 780348
45 726460
46 662511
47 696397
48 702812
49 642996
50 687025
51 692600
52 685506
53 689905
54 644081
55 645624
56 686884
57 685876
58 775248
59 683064
60 692561
61 686786
62 692136
63 736202
64 684402
65 728273
66 646666
67 788948
68 729497
69 688131
70 693046
71 681347
72 691025
73 694755
74 648264
75 691630
76 690161
77 786180
78 755034
79 786015
80 689420
81 697403
82 689099
83 696031
84 735543
85 689584
86 691955
87 739520
88 743131
89 702911
90 689558
91 792143
92 701814
93 696869
94 776413
95 746773
96 752891
97 738300
98 739841
99 784839
100 695167
101 680697
102 784105
103 744774
104 728235
105 708465
106 698548
107 688048
108 737541
109 652279
110 736241
111 742147
112 741550
113 699540
114 706442
115 705540
116 741001
117 740076
118 738655
119 738770
120 739003
121 688558
122 738126
123 692424
124 738523
125 698795
126 697462
127 732056
128 734703
129 740769
130 738906
131 783696
132 699301
133 782797
134 737569
135 725505
136 739501
137 734839
138 688794
139 735857
140 739322
141 742147
142 737398
143 702270
144 694859
145 735619
146 737159
147 740311
148 693185
149 744882
150 695639
151 789733
152 785715
153 735290
154 735325
155 740893
156 731448
157 697602
158 782965
159 740974
160 739377
161 744704
162 743473
163 875383
164 744199
165 734894
166 794554
167 879527
168 693891
169 782788
170 837722
171 695797
172 778830
173 733316
174 740034
175 738051
176 733168
177 693664
178 787597
179 702465
180 745731
181 740259
182 839549
183 784779
184 785348
185 733479
186 743115
187 833711
188 781673
189 782155
190 783754
191 740325
192 744257
193 744883
194 739174
195 790638
196 784332
197 746004
198 836005
199 782310
200 787337
201 739425
202 755964
203 835592
204 794377
205 815316
206 843691
207 787987
208 804662
209 742555
210 731921
211 739530
212 831075
213 736708
214 848475
215 788460
216 830630
217 783568
218 834369
219 753271
220 784470
221 782567
222 829427
223 789983
224 743969
225 781757
226 746892
227 829965
228 883201
229 777504
230 833614
231 832856
232 838516
233 740611
234 789847
235 773213
236 785612
237 742950
238 783652
239 745434
240 835257
241 742438
242 789082
243 738021
244 755472
245 784070
246 742864
247 878835
248 737012
249 792166
250 792255
251 833207
252 794703
253 786938
254 832901
255 832985
256 784068
257 784115
258 829817
259 831460
260 828787
261 783804
262 834986
263 783392
264 788701
265 791314
266 834047
267 697921
268 788426
269 789991
270 793670
271 831406
272 790040
273 834297
274 750987
275 832072
276 790216
277 882536
278 840603
279 832124
280 797852
281 838699
282 827545
