0 965033
1 966295
2 1027993
3 1029076
4 1245536
5 1308420
6 1173232
7 1224240
8 1310150
9 1197406
10 1265838
11 1185909
12 1186964
13 1327483
14 1314398
15 1403967
16 1326451
17 1377967
18 1324406
19 1387636
20 1423227
21 1366900
22 1408884
23 1313003
24 1411742
25 1330582
26 1333320
27 1314735
28 1414045
29 1379367
30 1406225
31 1323957
32 1422150
33 1278696
34 1409306
35 1369841
36 1375686
37 1363324
38 1249894
39 1431707
40 1286956
41 1419264
42 1404924
43 1332911
44 1365211
45 1378648
46 1329611
47 1414579
48 1318406
49 1374238
50 1399322
51 1453544
52 1411845
53 1376615
54 1324425
55 1335495
56 1321997
57 1283280
58 1352954
59 1371476
60 1363163
61 1366368
62 1411816
63 1338615
64 1316295
65 1380212
66 1373006
67 1412124
68 1328395
69 1343014
70 1338222
71 1326451
72 1409359
73 1360655
74 1298971
75 1333318
76 1329933
77 1374205
78 1355883
79 1363932
80 1404694
81 1309987
82 1383985
83 1456265
84 1401359
85 1359545
86 1410699
87 1374900
88 1372903
89 1420611
90 1319560
91 1380207
92 1285840
93 1394946
94 1320322
95 1334395
96 1323230
97 1367226
98 1366457
99 1417158
100 1379244
101 1318762
102 1415147
103 1299401
104 1402961
105 1262306
106 1380437
107 1314814
108 1448942
109 1412895
110 1317729
111 1355674
112 1375730
113 1364431
114 1274413
115 1229177
116 1241462
117 1249229
118 1249632
119 1248292
120 1257298
121 1269577
122 1220268
123 1256039
124 1242727
125 1244467
126 1241332
127 1234022
128 1263220
129 1250831
130 1348488
131 1342739
132 1391628
133 1340998
134 1404653
135 1296048
136 1354310
137 1392015
138 1293819
139 1344875
140 1387658
141 1391755
142 1399840
143 1392371
144 1354829
145 1391174
146 1394111
147 1427951
148 1368244
149 1347419
150 1360468
151 1301089
152 1375951
153 1338852
154 1381227
155 1339022
156 1311450
157 1383003
158 1317844
159 1340730
160 1292142
161 1333439
162 1413582
163 1350937
164 1364360
165 1371478
166 1377773
167 1432880
168 1398507
169 1391656
170 1383719
171 1388593
172 1398881
173 1364476
174 1390622
175 1381367
176 1340943
177 1377042
178 1379623
179 1318519
180 1339993
181 1389494
182 1409265
183 1356830
184 1333134
185 1387698
186 1332021
187 1348198
188 1335005
189 1384975
190 1378564
191 1302722
192 1438973
193 1375820
194 1299930
195 1278405
196 1358718
197 1340585
198 1374739
199 1387698
200 1349468
201 1373242
202 1318797
203 1379993
