0 245468
1 208889
2 208995
3 409545
4 379060
5 387380
6 410240
7 419621
8 437688
9 423612
10 432084
11 458487
12 438634
13 443720
14 453921
15 506748
16 520292
17 502180
18 525616
19 534734
20 532106
21 528209
22 532636
23 547466
24 556995
25 520051
26 554974
27 555529
28 560309
29 566985
30 556170
31 546752
32 568381
33 567614
34 575513
35 574895
36 565822
37 545437
38 542647
39 573377
40 578450
41 590310
42 569727
43 558738
44 584150
45 581767
46 569844
47 572173
48 565909
49 586481
50 566223
51 545347
52 590333
53 557196
54 570816
55 566572
56 594859
57 551693
58 557569
59 553117
60 562213
61 570525
62 549008
63 561572
64 544782
65 563730
66 566191
67 564503
68 553663
69 552357
70 554525
71 581960
72 572159
73 571431
74 566189
75 568580
76 590077
77 599308
78 607053
79 598816
80 614204
81 603815
82 614277
83 613230
84 609885
85 611286
86 613350
87 598250
88 607017
89 619962
90 607457
91 604946
92 605882
93 613867
94 611901
95 609996
96 605827
97 618566
98 609701
99 613177
100 594348
101 600601
102 601988
103 618004
104 615840
105 616077
106 604257
107 609656
108 614374
109 612761
110 601255
111 601586
112 596344
113 590979
114 604600
115 604003
116 598337
117 599600
118 605822
119 597651
120 615290
121 613554
122 603553
123 606635
124 602340
125 605173
126 593865
127 602006
128 605754
129 608941
130 612029
131 599360
132 602549
133 600357
134 613806
135 604408
136 607918
137 607685
138 602069
139 606248
140 610260
141 618429
142 612474
143 604788
144 600652
145 618377
146 619606
147 611240
148 609058
149 597451
150 606254
151 602643
152 606485
153 603287
154 611187
155 610191
156 605467
157 592109
158 611938
159 603416
160 604926
161 596226
162 616275
163 597597
164 598082
165 609948
166 589743
167 602272
168 603501
169 601992
170 610892
171 607415
172 609447
173 603783
174 611573
175 606507
176 608412
177 602606
178 608543
179 609712
180 608114
181 616662
182 607233
183 618584
184 604038
185 612056
186 608004
187 613618
188 605646
189 605551
190 613921
191 603129
192 605126
193 597612
194 599095
195 601486
196 603651
197 602937
198 598580
199 598009
200 601662
201 614819
202 611992
203 610110
204 606595
205 602316
206 601348
207 598437
208 610522
209 614306
210 615794
211 601143
212 618879
213 605845
214 612681
215 614773
216 610209
217 606184
218 609868
219 616624
220 612071
221 614602
222 617230
223 608981
224 609266
225 613444
226 604886
227 613039
228 613620
229 618699
230 617386
231 606011
232 606417
233 608754
234 610886
235 607790
236 620135
237 612002
238 608176
239 608357
240 601444
241 612436
242 589287
243 608210
244 619065
245 597270
246 609280
247 615917
248 610593
249 610613
250 608927
251 611405
252 617655
253 613994
254 616059
255 612344
256 615573
257 614437
258 612851
259 604831
260 613039
261 610290
262 617578
263 608624
264 600571
265 609377
266 615148
267 600720
268 609028
269 602138
270 606700
271 606996
272 617895
273 609965
274 614969
275 604282
276 602255
277 609307
278 610049
279 604982
280 615043
281 603086
282 615005
283 615157
284 607204
285 605443
286 614171
287 602840
288 614777
289 617262
290 595620
291 593974
292 604722
293 610080
294 611059
295 608094
296 607147
297 620525
298 608421
299 614128
300 615728
301 618066
302 604723
303 609846
304 612693
305 613411
306 619178
307 613216
308 614683
309 617654
310 610081
311 609044
312 610324
313 622539
314 608781
315 613583
316 618273
317 615879
318 622137
319 611547
320 612056
321 607545
322 612858
323 610744
324 608355
325 616040
326 614752
327 614035
328 613979
