0 1393494
1 1386586
2 1329161
3 1348766
4 1345074
5 1344618
6 1342404
7 1332094
8 1388070
9 1384584
10 1391859
11 1396523
12 1337455
13 1311912
14 1386225
15 1333922
16 1342662
17 1402710
18 1403206
19 1393958
20 1388625
21 1389060
22 1386771
23 1396977
24 1343103
25 1377460
26 1392801
27 1353846
28 1357704
29 1391805
30 1335830
31 1389568
32 1332766
33 1394286
34 1346371
35 1381472
36 1396418
37 1296962
38 1392673
39 1356106
40 1401871
41 1310880
42 1389408
43 1342332
44 1393433
45 1350610
46 1379603
47 1346627
48 1383482
49 1390171
50 1390904
51 1353130
52 1396548
53 1399558
54 1327237
55 1385281
56 1394954
57 1400152
58 1328865
59 1350425
60 1395083
61 1333791
62 1404626
63 1350866
64 1386193
65 1390280
66 1358063
67 1339614
68 1338302
69 1340395
70 1388110
71 1395314
72 1399308
73 1371047
74 1343261
75 1375742
76 1401272
77 1400898
78 1389844
79 1346441
80 1338439
81 1377196
82 1347087
83 1329829
84 1393921
85 1390429
86 1296249
87 1390303
88 1346233
