0 908072
1 1099087
2 1154382
3 1012546
4 1122963
5 1124695
6 1222459
7 1220824
8 1221551
9 1179367
10 1178321
11 1129444
12 1182901
13 1345520
14 1325248
15 1336786
16 1411740
17 1254546
18 1370119
19 1298957
20 1293117
21 1250969
22 1438206
23 1344096
24 1347895
25 1406596
26 1385887
27 1396174
28 1417310
29 1331184
30 1271275
31 1268940
32 1282845
33 1425156
34 1335325
35 1302009
36 1349352
37 1256840
38 1311998
39 1306188
40 1364050
41 1330130
42 1252174
43 1397104
44 1414639
45 1415963
46 1182302
47 1280036
48 1334943
49 1347671
50 1412707
51 1348323
52 1323398
53 1244604
54 1310771
55 1323575
56 1333479
57 1419336
58 1352515
59 1245877
60 1405017
61 1354873
62 1401665
63 1355429
64 1273672
65 1412086
66 1361304
67 1262716
68 1303847
69 1394601
70 1348631
71 1417222
72 1261266
73 1263612
74 1266961
75 1355697
76 1262195
77 1374570
78 1281849
79 1352871
80 1394153
81 1212600
82 1286785
83 1364625
84 1396714
85 1395810
86 1391308
87 1320094
88 1370661
89 1220141
90 1256630
91 1355281
92 1251218
93 1337414
94 1381280
95 1389832
96 1349045
97 1362729
98 1401798
99 1399353
100 1291779
101 1327844
102 1314793
103 1238210
104 1311640
105 1308920
106 1319921
107 1309716
108 1374523
109 1375789
110 1322156
111 1341451
112 1416226
113 1340555
114 1242738
115 1362293
116 1403672
117 1389488
118 1307950
119 1375922
120 1298318
121 1290128
122 1401246
123 1369692
124 1301816
125 1314581
126 1282189
127 1290997
128 1311945
129 1390407
130 1300096
131 1267798
132 1182928
133 1318770
134 1177738
135 1408519
136 1219215
137 1299514
138 1478603
139 1300115
140 1216525
141 1267761
142 1196134
143 1269703
144 1340378
145 1443475
146 1280628
147 1404744
148 1370909
149 1309391
150 1332013
151 1343684
152 1346170
153 1285682
154 1301770
155 1342460
156 1266569
157 1331778
158 1375583
159 1337482
160 1358018
161 1273766
162 1330747
163 1412220
164 1329838
165 1281318
166 1305540
167 1232446
168 1357734
169 1357410
170 1409353
171 1362947
172 1286722
173 1330574
174 1500254
175 1300619
176 1370266
177 1355181
178 1292468
179 1296994
180 1335230
181 1177754
182 1476508
183 1317445
184 1351937
185 1259172
186 1406427
187 1270253
188 1397637
189 1379039
190 1457427
191 1371211
192 1365072
193 1294828
194 1371060
195 1320796
196 1169577
197 1308791
198 1163318
199 1398123
200 1225261
201 1371040
202 1396378
203 1398837
204 1278736
205 1336234
206 1311318
207 1321789
208 1297220
209 1312376
210 1361142
211 1350506
212 1278691
213 1298682
214 1269981
215 1328443
216 1318559
217 1356681
218 1354009
219 1346606
220 1405366
221 1310743
222 1375297
223 1409291
224 1317630
225 1268814
226 1373070
227 1376728
228 1283615
229 1331340
230 1308374
231 1310906
232 1360321
233 1367193
234 1408457
235 1331025
236 1265662
237 1334240
238 1319297
239 1321706
240 1363351
241 1304810
242 1415121
243 1331697
244 1235902
245 1262430
246 1323880
247 1345662
248 1313387
249 1268445
250 1309411
251 1375253
252 1305818
253 1317031
254 1368518
255 1299740
256 1286665
257 1339793
258 1351554
259 1359004
260 1329115
261 1332145
262 1334105
263 1344692
264 1216285
265 1330659
266 1317681
267 1234991
268 1288420
269 1361366
270 1367784
271 1280309
272 1393564
273 1387147
274 1278894
275 1280242
