1 355460
2 355326
3 536973
4 583612
5 445115
6 493919
7 482704
8 536293
9 630220
10 584573
11 532729
12 630290
13 724323
14 624559
15 580201
16 628549
17 489912
18 631384
19 668772
20 626047
21 538460
22 540829
23 678647
24 673602
25 586437
26 538654
27 587048
28 720278
29 534383
30 543640
31 626117
32 675564
33 623373
34 673875
35 675875
36 531331
37 627908
38 630841
39 673569
40 630031
41 667742
42 575594
43 636765
44 631212
45 675987
46 583687
47 631755
48 625005
49 489587
50 672305
51 577981
52 628266
53 581735
54 718538
55 577222
56 633087
57 626050
58 574500
59 577964
60 582334
61 627457
62 484164
63 627595
64 542005
65 724956
66 682680
67 532535
68 532358
69 581059
70 485762
71 573346
72 439056
73 446856
