1 418479
2 454222
3 406836
4 481949
5 541881
6 541978
7 543882
8 496370
9 542128
10 492236
11 510436
12 487769
13 549117
14 501708
15 492932
16 574026
17 497987
18 473632
19 504228
20 590614
21 560415
22 652704
23 545346
24 554439
25 544567
26 588415
27 567981
28 586049
29 648486
30 751327
31 650206
32 606177
33 548151
34 591858
35 634296
36 631340
37 593537
38 662956
39 592711
40 634374
41 637362
42 629120
43 617982
44 657771
45 592498
46 623442
47 669275
48 642760
49 685175
50 595397
51 733990
52 592944
53 638488
54 608539
55 645929
56 637972
57 686416
58 643748
59 642367
60 595747
61 590559
62 687669
63 736192
64 645697
65 637693
66 675007
67 688610
68 639399
69 638477
70 655424
71 649843
72 634046
73 652998
74 642613
75 647083
76 707243
77 667800
78 656262
79 642303
80 649083
81 688076
82 677826
83 724230
84 693444
85 657847
86 702889
87 705874
88 694363
89 699188
90 733511
91 688636
92 742256
93 701400
94 727586
95 698169
96 791048
97 699064
98 712697
99 752236
100 698624
101 771678
102 748105
103 745787
104 704121
105 733639
106 812927
107 696773
108 696106
109 761000
110 764885
111 752495
112 791941
113 739882
114 738424
115 750302
116 753100
117 768149
118 703236
119 750755
120 788246
121 734114
122 742019
123 745196
124 743451
125 776093
126 715595
127 740987
128 812044
129 776083
130 758439
131 784381
132 783578
133 747759
134 777455
135 883834
136 701440
137 712090
138 810189
139 796121
140 827878
141 748446
142 751886
143 752465
144 790872
145 830630
146 749774
147 774482
148 763054
149 840526
150 775582
151 738003
152 735931
153 758211
154 824744
155 750906
156 746082
157 920360
158 762096
159 823052
160 785891
161 793138
162 741808
163 717691
164 779856
165 790182
166 742906
167 791327
168 760470
169 735557
170 786710
171 735692
172 779435
173 754303
174 790818
175 779940
176 825287
177 715228
178 728097
179 794926
180 795368
181 711992
182 785891
183 783462
184 729483
185 920946
186 743576
187 742056
188 759559
189 826944
190 777163
191 829028
192 738001
193 741691
194 794413
195 811362
196 779974
197 788514
198 752532
199 744758
200 704316
201 782412
202 827797
203 795389
204 745311
205 768687
206 825732
207 787319
208 785484
209 748883
210 782071
211 735925
212 774200
213 773729
214 712805
215 777571
216 750253
217 786825
218 785831
219 747717
220 744750
221 745067
222 743706
223 798436
224 780029
225 803605
226 794607
227 751146
228 735463
229 757578
230 721615
231 739686
232 739831
233 755925
234 762329
235 778392
236 753689
237 788582
238 731778
239 776808
240 759085
241 790483
242 802124
243 733146
244 720364
245 781958
246 776453
247 800778
248 789813
249 787779
250 751889
251 786395
252 741187
253 744419
254 804988
255 926209
256 802523
257 798023
258 759069
259 772549
260 746680
261 821788
262 780216
263 806795
264 790137
265 790424
266 825351
267 739323
268 750661
269 775848
270 824061
271 787010
272 805248
273 805696
274 782914
275 794503
276 735799
277 835594
278 798216
279 788532
280 795610
281 829185
282 817366
283 796985
284 786041
285 820665
286 795079
287 834455
288 785234
289 823411
290 783901
291 810158
292 822707
293 878339
294 821513
295 792986
296 766992
297 821494
298 834991
299 750892
300 875115
301 781539
302 822443
303 749171
304 830387
305 827450
306 779839
307 824772
308 923126
309 780641
310 832261
311 774399
312 812336
313 811283
314 782671
315 833127
316 801867
317 799019
318 874942
319 753708
320 747069
321 773142
322 836949
323 866934
324 826152
325 812073
326 809594
327 778912
328 832581
329 822971
330 825953
331 816019
332 749167
333 828999
334 786188
335 777038
336 822357
337 829347
338 829242
339 777465
340 920018
341 790010
342 889320
343 824209
344 791457
345 867074
346 874685
347 881789
348 798317
349 792149
350 831081
351 785706
352 800182
353 797901
354 810079
355 774793
356 802288
357 779118
358 782276
359 793682
