1 662768
2 904145
3 891118
4 793321
5 875248
6 793931
7 885596
8 978374
9 889955
10 707667
11 696305
12 788597
13 890208
14 792389
15 890355
16 795658
17 793707
18 886858
19 886818
20 1083084
21 887786
22 902383
23 913605
24 1181474
25 1079539
26 903652
27 827174
28 726651
29 800788
30 891717
31 882023
32 808892
33 1088361
34 891647
35 788035
36 986176
37 883100
38 795165
39 792523
40 695482
41 895942
42 788009
43 793291
44 797350
45 790257
46 790064
47 721845
48 889733
49 604433
50 986396
51 889494
52 791983
53 988637
54 793917
55 792524
56 795441
57 975330
58 900426
59 708728
60 699957
61 888542
62 715064
63 614182
64 794615
65 699683
66 822482
67 886620
68 757361
69 802416
70 644813
71 986461
72 796391
73 626641
74 986188
75 719854
76 700735
77 696565
78 979114
79 876852
80 847772
81 780882
82 789557
83 797749
84 716450
85 794118
86 798535
87 698197
88 699774
89 707352
90 883103
91 812022
92 897044
93 886132
94 792824
95 794160
96 996782
97 987492
98 983061
99 888322
100 871404
101 705130
102 890475
103 784494
104 981112
105 982960
106 846290
107 698216
108 793085
109 849504
110 823468
111 804045
112 700148
113 691098
114 794938
115 794805
116 892171
117 728683
118 695469
119 794502
120 1079466
121 789688
122 700245
123 791929
124 881640
125 887794
126 890877
127 987252
128 983425
129 898379
130 695667
131 891285
132 826850
133 794923
134 792409
135 911038
136 883858
137 894629
138 724049
139 891388
140 798364
141 895181
142 883395
143 885723
144 792880
145 802966
146 893335
147 794902
148 737856
149 711393
