1 582866
2 628904
3 587846
4 366336
5 673050
6 671569
7 581387
8 579012
9 681003
10 484095
11 532853
12 543553
13 627102
14 580768
15 627032
16 581054
17 449885
18 487436
19 452273
20 633831
21 498626
22 588068
23 582886
24 713095
25 586127
26 488253
27 629139
28 630509
29 726744
30 627756
31 675815
32 678032
33 719540
34 674557
35 724375
36 626614
37 628909
38 628251
39 675101
40 533570
41 438240
42 535649
43 578899
44 628971
45 533217
46 489687
47 620388
48 668735
49 583533
50 511674
51 583914
52 583154
53 545920
54 583559
55 534327
56 627360
57 628241
58 589911
59 538222
60 544793
61 536256
62 633530
63 638607
64 587574
65 487838
66 489174
67 634935
68 583007
69 630911
70 675688
71 628089
72 630249
73 680821
74 637672
75 579811
76 667711
77 629303
78 682016
79 768559
80 623748
81 633626
82 624445
83 546581
84 685351
85 628279
86 583106
87 584111
88 444059
89 630349
90 582896
91 541860
92 589666
93 539412
94 477112
95 578316
96 582132
97 535647
98 539297
99 632690
100 632678
101 576524
102 532961
103 592019
104 586071
105 581353
106 530879
107 535443
108 676939
109 446697
110 486338
111 366820
112 589752
113 642454
114 672617
115 765962
116 625985
117 586108
118 630679
119 580872
120 629463
121 483997
122 582005
123 632914
124 580655
125 594210
126 631389
127 534547
128 716246
129 727359
130 720649
131 676026
132 629214
133 587997
