1 459934
2 410217
3 500324
4 547517
5 552173
6 506949
7 645410
8 504202
9 578179
10 581349
11 579729
12 578010
13 577798
14 579426
15 577834
16 580021
17 579221
18 579508
19 579822
20 581817
21 535099
22 579284
23 580122
24 579608
25 579950
26 579889
27 577999
28 577996
29 579899
30 578331
31 594052
32 604117
33 543449
34 461321
35 467050
36 464739
37 548886
38 502161
39 501431
40 597105
41 497793
42 495548
43 501590
44 497588
45 463220
46 552589
47 554610
48 547720
49 595385
50 500559
51 563123
52 547223
53 542534
54 467718
55 511512
56 554631
57 540496
58 515122
59 550892
60 504701
61 506652
62 520427
63 563714
64 549419
65 503157
66 504208
67 505726
68 504089
69 503276
70 544038
71 606340
72 594173
73 512856
74 561107
75 518322
76 550371
77 647804
78 591768
79 550284
80 550439
81 641667
82 609929
83 554596
84 613211
85 549913
86 501915
87 507969
88 550325
89 499415
90 503269
91 549388
92 596857
93 596637
94 508881
95 596969
96 599219
97 594064
98 596305
99 548146
100 546825
101 544870
102 549970
103 545045
104 562056
105 549896
106 505534
107 549723
108 594125
109 554001
110 605130
111 604587
112 605225
113 604257
114 556937
115 549874
116 550270
117 550933
118 594643
119 604263
120 596602
121 547426
122 554585
123 551068
124 600581
125 601924
126 648661
127 648822
128 549549
129 557260
130 610657
131 561989
132 547176
133 599314
134 550109
135 556159
136 593490
137 555490
138 601063
139 604022
140 562512
141 649418
142 660654
143 546798
144 592197
145 593594
146 598036
147 599331
148 557525
149 639843
150 585101
151 596637
152 597472
153 554008
154 550363
155 597705
156 550592
157 557415
158 549868
159 641109
160 621104
161 549996
162 601438
163 547283
164 549518
165 551563
166 593929
167 569028
168 554601
169 547782
170 544860
171 549721
172 653617
173 561656
174 551603
175 545739
176 596977
177 599425
178 639261
179 550308
180 645019
181 551588
182 605857
183 595744
184 608826
185 602349
186 597381
187 554187
188 549929
189 549699
190 505783
191 549052
192 547065
193 548289
194 552492
195 598808
196 598378
197 549355
198 586658
199 553286
200 597092
201 549999
202 689469
203 595584
204 596281
205 599624
206 551747
207 739190
208 589789
209 547794
210 547247
211 551916
212 594241
213 596285
214 600161
215 597516
216 645350
217 550062
218 550866
219 550816
220 598557
221 599186
222 647391
223 601312
224 549952
225 550303
226 550344
227 598734
228 599258
229 605159
230 603883
231 558410
232 651585
233 558344
234 600252
235 591020
236 637714
237 693312
238 643260
239 590538
240 602240
241 646194
242 598847
243 597209
244 546984
245 598525
246 652098
247 605814
248 592071
249 597528
250 593572
251 597708
252 649079
253 547159
254 550668
255 554754
256 551014
257 603359
258 606720
259 557201
260 597731
261 638602
262 549095
263 550730
264 548527
265 549090
266 590848
267 598596
268 551375
269 551286
270 602380
271 593452
272 550179
273 603368
274 595641
275 598018
276 596577
277 512646
278 556101
279 644386
280 555991
281 597428
282 598763
283 595263
284 600409
285 549264
286 645506
287 681840
288 597046
289 598365
290 551384
291 606406
292 602809
293 595901
294 561955
295 562087
296 549239
297 558154
298 595255
299 606732
300 548901
301 591606
302 598087
303 600064
304 608532
305 739573
306 551658
307 551231
308 552342
309 551098
310 596847
311 577482
312 553494
313 557681
314 597764
315 539668
316 597153
317 550589
318 560384
319 639629
320 594817
321 669213
322 642709
323 598588
324 595533
325 609279
326 633892
327 642552
328 553279
329 644298
330 600473
331 553378
332 555487
333 551019
334 645369
335 597481
336 596697
337 588084
338 599058
339 594563
