1 797981
2 689901
3 556137
4 555958
5 525924
6 404018
7 400016
8 519373
9 817074
10 595820
11 417954
12 626880
13 526319
14 597132
15 510732
16 606179
17 591383
18 613858
19 604962
20 703034
21 688085
22 660773
23 419794
24 482400
25 524640
26 521435
27 396587
28 516059
29 793318
30 787939
31 508620
32 603253
33 693193
34 526247
35 478763
36 598974
37 701172
38 594228
39 538605
40 602554
41 608859
42 697700
43 606245
44 802504
45 507872
46 455606
47 495872
48 497067
49 508552
50 405818
51 401590
52 530304
53 343326
54 607490
55 695419
56 680182
57 507531
58 701772
59 492082
60 354604
61 501207
62 605364
63 688069
64 615522
65 505489
66 650333
67 452437
68 467299
69 556923
70 598770
71 495537
72 546566
73 606231
74 359361
75 494681
76 794193
77 682709
78 680449
79 962923
80 437344
81 380495
82 431771
83 593259
84 695633
85 698367
86 592878
87 495840
88 687000
89 495252
90 594482
91 513680
92 501026
93 473706
94 1081206
95 594372
96 601073
97 694387
98 696322
99 886649
100 599933
101 599323
102 1079902
103 790312
104 894028
105 711396
106 691982
107 593529
108 595561
109 498141
110 691676
111 502934
112 511213
113 691760
114 713895
115 499154
116 788453
117 699302
118 612190
119 423448
120 632755
121 705294
122 597515
123 687412
124 512252
125 625056
126 986180
127 514532
128 700577
129 592512
130 686742
131 512890
132 504322
133 697571
134 540071
135 610463
136 509362
137 696808
138 589664
139 786549
140 563487
141 705937
142 574147
143 432635
144 794850
145 791328
146 701507
147 893501
148 889763
149 802721
150 885365
151 797369
152 891199
153 891891
154 604784
155 1076720
156 889361
157 1080483
158 893310
159 1174006
160 699109
161 707221
162 886296
163 984109
164 703851
165 618093
166 601876
167 594098
168 505053
169 522967
170 611439
171 402841
172 490524
173 701906
174 514982
175 603902
176 501747
177 716329
178 472869
179 725199
180 496274
181 530269
182 503932
183 496461
184 532430
185 688830
186 687984
187 615927
188 619528
189 724455
190 574670
191 594550
192 554627
193 631500
194 591541
195 730444
196 353225
197 398553
198 513905
199 534783
200 570240
201 521241
202 441066
203 502119
204 602341
205 430415
206 545590
207 453507
208 597993
209 589737
210 640113
211 401317
212 402170
213 597467
214 534704
215 621215
216 611809
217 493876
218 457622
219 632461
220 521219
221 506826
222 403401
223 623668
224 583251
225 460135
226 706398
227 531369
228 429245
229 640739
230 714525
231 510411
232 504886
233 595851
234 365097
235 459316
236 397730
237 497856
238 493584
239 444721
240 397539
241 413185
242 605440
243 681341
244 819008
245 816030
246 464409
247 515426
248 433025
249 408066
250 593118
251 600698
252 697324
253 520156
254 380760
255 638797
256 606909
257 422387
258 519625
259 609049
260 546423
261 590615
262 679216
263 711131
264 694801
265 510340
266 597891
267 423188
268 600346
269 552654
270 598488
271 506029
272 507661
273 794257
