1 498654
2 504381
3 714938
4 820399
5 642822
6 817271
7 800044
8 613901
9 798234
10 820418
11 650011
12 790733
13 652040
14 786353
15 1153913
16 1039388
17 969776
18 1242404
19 880729
20 1072911
21 908350
22 1156195
23 1254660
24 977623
25 1066627
26 893979
27 1079332
28 1165134
29 989441
30 1009429
31 987209
32 905605
33 789630
34 890791
35 910783
36 891654
37 987131
38 888057
39 792462
40 890216
41 894551
42 890244
43 988694
44 906181
45 808642
46 902754
47 1083967
48 888742
49 890084
50 994047
51 890984
52 902128
53 1171885
54 1085039
55 891602
56 886496
