0 291129
1 407758
2 556995
3 1234288
4 1067185
5 1162851
6 1182122
7 1086813
8 1074902
9 1116249
10 1117112
11 1198495
12 1188104
13 1188328
14 1251347
15 1193489
16 1288468
17 1142505
18 1152941
19 1237777
20 1149723
21 1189449
22 1301078
23 1213135
24 1178307
25 1222973
26 1230512
27 1201687
28 1197536
29 1268593
30 1267024
31 1200823
32 1197850
33 1204768
34 1153463
35 1200078
36 1208442
37 1207397
38 1206615
39 1110824
40 1262747
41 1268672
42 1154204
43 1166532
44 1204641
45 1161700
46 1152088
47 1112443
48 1163480
49 1163315
50 1208587
51 1205677
52 1249592
53 1166327
54 1240461
55 1200963
56 1322225
57 1276124
58 1280003
59 1143347
60 1133871
61 1229441
62 1193202
63 1261139
64 1222783
65 1177579
66 1207453
67 1119868
68 1209312
69 1201875
70 1222120
71 1180263
72 1178043
73 1094134
74 1145015
75 1190569
76 1100905
77 1143644
78 1135981
79 1181970
80 1189652
81 1288102
82 1230483
83 1233283
84 1101497
85 1257283
86 1256696
87 1243445
88 1245476
89 1238227
90 1188565
91 1193579
92 1247480
93 1242080
94 1246303
95 1284624
96 1239594
97 1205983
98 1279809
99 1199564
100 1233731
101 1280092
102 1294586
103 1201545
104 1238273
105 1227562
106 1243743
107 1228779
108 1249314
109 1308039
110 1288420
111 1240595
112 1254031
113 1116403
114 1201755
115 1102796
116 1145736
117 1197607
118 1344935
119 1269185
120 1208968
121 1174505
122 1148705
123 1155851
124 1244441
125 1279597
126 1241084
127 1252568
128 1229508
129 1216661
130 1260851
131 1228423
132 1265199
133 1138636
134 1173232
135 1150829
136 1202918
137 1194466
138 1197186
139 1192537
140 1215888
141 1214278
142 1118632
143 1263363
144 1179261
145 1205377
146 1274622
147 1285601
148 1237434
149 1290201
150 1274366
151 1249233
152 1271246
153 1200832
154 1289217
155 1240249
156 1298424
157 1180107
158 1249504
159 1219599
160 1135135
161 1203084
162 1193845
163 1250683
164 1242166
165 1164884
166 1166662
167 1061963
168 1109251
169 1113066
170 1214701
171 1173682
172 1116872
173 1116120
174 1218133
175 1210005
176 1217250
177 1126229
178 1154993
179 1223026
180 1157891
181 1128346
182 1212458
183 1103992
184 1167132
185 1199850
186 1160936
187 1201812
188 1167622
189 1114574
190 1208463
191 1168620
192 1171874
193 1108967
194 1170088
195 1211917
196 1217002
197 1207768
198 1150880
199 1193375
200 1220677
201 1159998
202 1119403
203 1165422
204 1197932
205 1101048
206 1176356
207 1195015
208 1181646
209 1152746
210 1184288
211 1096765
212 1151900
213 1140000
214 1176127
215 1211896
216 1170472
217 1135514
218 1222559
219 1079291
220 1229224
221 1131900
222 1277667
223 1237435
224 1179917
225 1128753
226 1179473
227 1128973
228 1187452
229 1182963
230 1180682
231 1205328
232 1156491
233 1064039
234 1297670
235 1207080
236 1230024
237 1257108
238 1253953
239 1204860
240 1205421
241 1193128
242 1196681
243 1199373
244 1248608
245 1148479
246 1101466
247 1155679
248 1199341
249 1197222
250 1104147
251 1202774
252 1174444
253 1046654
