1 618897
2 614266
3 594751
4 408129
5 608409
6 892095
7 612325
8 662636
9 710706
10 702623
11 703058
12 678081
13 784822
14 791332
15 884150
16 710645
17 533791
18 599897
19 706150
20 721509
21 597933
22 600824
23 513508
24 602708
25 829644
26 980820
27 1178548
28 1074912
29 999900
30 986239
31 609149
32 609467
33 629693
34 815092
35 794712
36 738795
37 524228
38 689929
39 903754
40 515824
41 612619
42 892456
43 811415
44 708477
45 889322
46 897015
47 602155
48 795108
49 551138
50 797582
51 597746
52 692096
53 889926
54 890358
55 731259
56 643116
57 615430
58 600135
59 521762
60 644615
61 612144
62 520826
63 793097
64 894903
65 701091
66 813586
67 712215
68 615225
69 781491
70 809168
71 795948
72 705004
73 703787
74 534752
75 632776
76 902473
77 729558
78 619396
79 696347
80 697405
81 511121
82 704763
83 516147
84 693709
85 702114
86 721095
87 702094
88 605492
89 601364
90 890421
91 794879
92 1293526
93 790180
94 619836
95 499838
96 520771
97 886213
98 798061
99 605011
100 981990
101 700400
102 837388
103 951671
104 693140
105 793089
106 632179
107 694316
108 500834
109 699278
110 889381
111 702455
112 613174
113 900247
114 612122
115 802193
116 920681
117 603624
118 600536
119 693077
120 893270
121 700722
122 605191
123 697759
124 794008
125 781196
126 797342
127 632130
128 604469
129 796032
130 656398
131 840130
132 699601
133 601381
134 600190
135 696144
136 722882
137 602691
138 697764
139 889617
140 696819
141 610650
142 700282
143 698255
144 794111
145 695711
146 596247
147 697513
148 619482
149 699249
150 899351
151 638180
152 649440
153 603933
154 738672
155 793646
156 788777
157 607188
158 694568
159 599788
160 636599
161 735358
162 720164
163 559539
164 984457
165 694222
166 706954
167 610081
168 894122
169 876462
170 904501
171 790113
172 797363
173 696947
174 692570
175 877415
176 699574
177 617992
178 602853
179 759802
180 606698
181 789713
182 602871
183 536009
184 888540
185 601222
186 691682
187 697101
188 603881
189 710735
190 892539
191 673540
192 527694
193 825799
194 628265
195 541349
196 592310
197 714531
198 609068
199 722150
200 798851
201 819235
202 789998
203 520313
204 796009
205 702084
206 694611
207 513614
208 809624
209 790381
210 786764
211 602819
212 539906
213 509093
214 543307
215 598671
216 599019
217 507109
218 696227
219 628730
220 514276
221 823349
222 692953
223 612802
224 603622
225 701973
226 798160
227 745102
228 719109
229 745897
230 609850
231 619073
232 604511
233 721059
234 691668
235 602706
236 794362
237 605664
238 510089
239 563715
240 720758
241 796077
242 1062893
243 794176
244 696811
245 702108
246 652445
247 505639
248 797033
249 705622
250 621485
251 797949
252 766293
253 604196
254 701886
255 1085646
256 697025
257 891309
258 791816
259 503767
260 708973
261 640074
262 624657
263 987298
264 893572
265 699509
266 699710
267 895136
268 795660
269 791378
270 789870
271 698903
272 602982
273 588235
274 603782
275 502192
276 623990
277 603638
278 613189
279 713333
280 885664
281 811989
282 697742
283 723375
284 601016
285 914689
286 793928
287 696807
288 708589
289 807208
290 651883
291 592102
292 800385
293 621964
294 540755
295 666303
296 635472
297 795818
298 973263
299 526241
300 604749
301 1000941
302 792208
303 727943
304 694965
305 792186
306 606989
307 789635
308 799085
309 693245
310 793984
311 784122
312 706021
313 698093
314 698604
315 804200
316 631646
317 843657
318 699768
319 880732
320 600230
321 799462
322 509183
323 507379
324 695394
325 511811
326 603198
327 696295
328 600198
329 697343
330 605046
331 729272
332 698986
333 792225
334 600149
335 601881
336 795137
337 901726
338 926745
339 696685
340 792678
341 723385
342 893605
343 1067569
344 890381
345 787574
346 597599
347 669244
348 610651
349 721036
350 693953
351 599600
352 612306
353 637918
354 565861
355 616542
356 602264
357 707049
358 622757
359 792623
360 729465
361 719783
362 604039
363 701956
364 613880
365 713322
366 803848
367 703496
368 793784
369 811751
370 994920
371 601920
372 714079
373 772912
374 791531
375 602153
376 698771
377 894754
378 615566
379 796517
380 925015
381 603819
382 693899
383 883134
384 891197
385 697027
386 798397
387 512842
388 599474
389 606320
390 616793
391 526636
