0 496890
1 510677
2 506292
3 501350
4 504164
5 519739
6 498503
7 518944
8 514446
9 520886
10 486432
11 541013
12 520231
13 520922
14 559901
15 552180
16 515338
17 535958
18 522071
19 563157
20 526738
21 535084
22 522405
23 550010
24 543446
25 540638
26 498495
27 544117
28 558324
29 544817
30 550787
31 557468
32 559105
33 549565
34 561091
35 554329
36 557243
37 513520
38 508483
39 532020
40 532094
41 499676
42 515488
43 536025
44 565162
45 545759
46 550876
47 496180
48 545577
49 547044
50 515614
51 520212
52 534377
53 552582
54 534661
55 555898
56 530368
57 522964
58 543553
59 510828
60 561585
61 530227
62 523812
63 491865
64 510555
65 482269
66 505708
67 526614
68 497776
69 540445
70 492741
71 520713
72 476341
73 533607
74 575604
75 566487
76 560269
77 562375
78 569115
79 557455
80 560842
81 589839
82 582037
83 566889
84 574501
85 560460
86 567234
87 580824
88 592028
89 535648
90 560929
91 560080
92 588332
93 568202
94 556554
95 557343
96 554662
97 579491
98 583264
99 576937
100 547357
101 561507
102 554401
103 558679
104 560322
105 562007
106 553983
107 565588
108 572059
109 559981
110 548661
111 546881
112 559821
113 549711
114 557403
115 570251
116 582377
117 554458
118 557474
119 568001
120 561987
121 568230
122 572490
123 567254
124 563770
125 558184
126 562968
127 585009
128 574501
129 564999
130 564439
131 561866
132 589548
133 569406
134 576139
135 586493
136 552891
137 569439
138 557003
139 558159
140 539370
141 582179
142 542818
143 564168
144 572460
145 554322
146 579936
147 579255
148 551085
149 560301
150 565795
151 570931
152 553177
153 568381
154 520041
155 532157
156 523512
157 541337
158 527013
159 565054
160 547640
161 545888
162 556624
163 557847
164 559444
165 584973
166 550426
167 565342
168 571300
169 557514
170 574732
171 541052
172 561106
173 590730
174 554813
175 572013
176 568387
177 583792
178 543609
179 586971
180 564186
181 556336
182 553362
183 553652
184 556079
185 549987
186 559075
187 553473
188 552373
189 546613
190 560854
191 554426
192 555246
193 573222
194 583455
195 582543
196 574008
197 570971
198 608681
199 552930
200 532320
201 548311
202 538182
203 540368
204 530679
205 570792
206 543122
207 560893
208 584000
209 571365
210 561414
211 573697
212 592148
213 557515
214 588755
215 584670
216 572372
217 566748
218 572326
219 593969
220 562095
221 591198
222 565349
223 586502
224 569677
225 555001
226 563140
227 568261
228 581754
229 602614
230 587319
231 564913
232 569048
233 579620
234 560662
235 562635
236 566285
237 570917
238 572225
239 574220
240 574153
241 589748
242 598627
243 586619
244 591711
245 599421
246 589841
247 593393
248 584476
249 592437
250 580516
251 591257
252 591751
253 592709
254 597042
255 593636
256 584268
257 590360
258 598672
259 583326
260 600693
261 589084
262 584481
263 593803
264 596805
265 596372
266 595004
267 594314
268 588096
269 599046
270 588835
271 584476
272 577686
273 569736
274 573364
275 588995
276 565087
277 570245
278 571818
279 574437
280 584044
281 601125
282 615160
283 584341
284 580143
285 593983
286 614327
287 589297
288 608841
289 606489
290 599275
291 587167
292 600363
293 566977
294 582805
295 593416
296 604916
297 593052
298 613922
299 592596
300 577519
301 591851
302 589752
303 607345
304 591371
305 603749
306 605438
307 585871
308 585533
309 584334
310 582500
311 601484
312 610043
313 597239
314 592592
315 597412
316 573346
317 602952
318 591088
319 576540
320 591827
321 580280
322 574751
323 592193
324 589134
325 589541
326 598777
327 584816
328 601604
329 608095
330 611517
331 599076
332 612866
333 605353
334 599583
335 604051
336 610831
337 613386
338 589400
339 601769
340 620821
341 612474
342 603673
343 618414
344 612814
345 620067
346 627129
347 616592
348 629312
349 610816
350 615344
351 608954
352 599952
353 609801
354 612837
355 607289
356 601927
357 607312
358 607519
359 616902
360 609182
361 604194
362 612612
363 595033
364 610560
365 631964
366 625742
367 628925
368 613462
369 623209
370 612029
371 597839
372 595600
373 601866
374 610244
375 602399
376 617690
377 607299
378 616180
379 611663
380 615976
381 612271
382 606579
383 612416
384 618145
385 618484
386 609430
387 611937
388 618249
389 616451
390 623432
391 621089
392 610531
393 624821
394 606207
395 623358
396 630447
397 622661
398 616669
399 625010
400 607741
401 613534
402 623059
403 599111
404 606815
405 615371
406 594979
407 605026
408 600183
409 605507
410 600323
411 600543
412 611203
413 619349
414 606525
415 619189
416 614229
417 606353
418 606206
419 622511
420 609479
421 615906
422 605406
423 604273
424 622452
425 603199
426 613891
427 610230
428 633945
429 624673
430 617097
431 623858
432 633245
433 639358
434 632343
435 635966
436 623573
437 633988
438 635384
439 631122
440 622446
441 620316
442 616206
443 614216
444 614140
445 624209
446 620885
447 627939
448 625303
449 625345
450 606590
451 614248
452 614714
453 615310
454 617686
455 620324
456 614828
457 617498
458 612445
459 616588
460 615755
461 619207
462 612961
463 617867
464 626942
465 623414
466 615888
467 622238
468 628240
469 619808
470 632127
471 634271
472 638399
473 618640
474 604974
475 610804
476 620148
477 626668
478 612769
479 603934
480 620785
481 623164
482 617008
483 618419
484 618662
485 625023
486 629774
487 622865
488 627110
489 618328
490 631278
491 620602
492 629461
493 622468
494 631077
495 618528
496 628602
497 626852
498 622755
499 622977
500 631883
501 622955
502 617986
503 620121
504 636922
505 634848
506 623768
507 610842
508 619730
509 632727
510 620164
511 628204
512 623212
513 620728
514 612865
515 617267
516 623934
517 614724
518 626207
519 612068
520 605681
521 625876
522 619417
523 617652
524 620888
525 623708
526 621352
527 619262
528 621733
529 617302
530 616359
531 606417
532 620384
533 619260
534 608321
535 630673
536 625553
537 617601
538 621823
539 621701
540 625375
541 625599
542 616961
543 627254
544 626187
545 623311
546 629377
547 624191
548 621707
549 625856
550 623517
551 626416
552 620674
553 625788
554 620386
555 625405
556 628568
557 627027
558 621488
559 619416
560 631747
561 627230
562 620337
563 609570
564 626303
565 619296
566 617955
567 609055
568 615552
569 627041
570 622347
571 619500
572 622303
573 610843
574 618204
575 625596
576 617155
577 620478
578 616469
579 619925
580 622432
581 621668
582 625869
583 619843
584 629814
585 625025
586 633278
587 627307
588 632684
589 620471
590 625820
591 623874
592 624636
593 626720
594 622357
595 619595
596 617072
597 621052
598 629079
599 622750
600 629238
601 630346
602 622013
603 622270
604 622562
605 621385
606 626332
607 620835
608 617404
609 624999
610 631342
611 623538
612 621937
613 635060
614 629224
615 621870
616 624259
617 623869
618 616125
619 617680
620 624526
621 633227
622 634183
623 624109
624 637614
625 630727
626 621564
627 621265
628 620915
629 616298
630 624709
631 620222
632 626832
633 626059
634 634867
635 623380
636 621301
637 613216
638 623707
639 624195
