0 599051
1 581315
2 587023
3 597524
4 582463
5 601062
6 573862
7 599072
8 594861
9 599988
10 599670
11 598708
12 602063
13 595584
14 603077
15 594776
16 614655
17 611028
18 593114
19 616942
20 596598
21 589627
22 585794
23 619664
24 594348
25 609068
26 596907
27 609809
28 585779
29 598492
30 602626
31 584355
32 565609
33 586514
34 607074
35 603097
36 608840
37 596871
38 597145
39 595942
40 599926
41 607761
42 601244
43 603358
44 595411
45 586993
46 605531
47 602339
48 600552
49 589322
50 591482
51 604009
52 583655
53 600582
54 592208
55 603276
56 602126
57 595149
58 587176
59 593677
60 572683
61 602417
62 586736
63 596025
64 598869
65 602924
66 605237
67 595268
68 606487
69 599883
70 602764
71 593666
72 586483
73 597402
74 608705
75 590842
76 604643
77 594137
78 590208
79 592957
80 598277
81 599645
82 592480
83 599365
84 588631
85 609130
86 596229
87 598598
88 590781
89 604288
90 603777
91 600223
92 588312
93 579599
94 588125
95 594214
96 598936
97 599844
98 599751
99 597669
100 586753
101 598641
102 598067
103 593726
104 602667
105 600784
106 605914
107 596459
108 585062
109 607801
110 602414
111 597091
112 608967
113 599682
114 603526
115 596494
116 595599
117 605843
118 599342
119 595061
120 620117
121 609619
122 612944
123 605413
124 593125
125 609953
126 591747
127 604948
128 602631
129 611477
130 605144
131 603764
132 611046
133 596249
134 607275
135 597800
136 602275
137 596802
138 586930
139 590788
140 593167
141 617467
142 595897
143 605539
144 603965
145 601453
146 605007
147 607999
148 604030
149 602905
150 608211
151 598360
152 603583
153 616603
154 606833
155 608835
156 611707
157 609015
158 609085
159 600866
160 604771
161 610852
162 602398
163 601378
164 601542
165 598315
166 612927
167 601121
168 595098
169 599682
170 615948
171 605506
172 615575
173 606834
174 598390
175 601363
176 616666
177 607286
178 609510
179 609640
180 603426
181 605666
182 607477
183 610331
184 602144
185 613897
186 602662
187 603315
188 607926
189 610529
190 593830
191 599766
192 597615
193 603633
194 601180
195 606508
196 612084
197 598147
198 595351
199 603822
200 601308
201 600878
202 604355
203 604850
204 603866
205 599566
206 617044
207 601048
208 604603
209 601392
210 608145
211 606593
212 604998
213 606256
214 608217
215 601873
216 596142
217 606403
218 604944
219 611370
220 607538
221 599372
222 605277
223 610034
224 604439
225 607556
226 597950
227 598185
228 618753
229 612748
230 610772
231 614101
232 603147
233 606508
234 609162
235 612882
236 614111
237 607405
238 610515
239 603634
240 602523
241 616283
242 611919
243 608258
244 604075
245 601059
246 607036
247 606412
248 619205
249 604728
250 613417
251 604753
252 616263
253 598144
254 606099
255 607658
256 615207
257 599579
258 607818
259 604991
260 603851
261 624617
262 602378
263 602193
264 609103
265 593145
266 611328
267 607853
268 600573
269 605909
270 604797
271 612393
272 609704
273 607576
