0 166144
1 173960
2 188889
3 182329
4 182400
5 174737
6 195047
7 202919
8 192974
9 198518
10 181845
11 189633
12 190136
13 189821
14 207164
15 208137
16 198086
17 198320
18 198822
19 212910
20 221513
21 196128
22 191968
23 207836
24 202051
25 201122
26 184742
27 202952
28 172120
29 187889
30 192150
31 173154
32 206715
33 177633
34 204011
35 189512
36 201754
37 182021
38 198717
39 205005
40 194717
41 211236
42 201298
43 196416
44 204757
45 194285
46 209396
47 211263
48 218749
49 229210
50 211632
51 220890
52 209772
53 199161
54 203755
55 218939
56 210072
57 219513
58 214155
59 194424
60 209411
61 206875
62 191450
63 204576
64 209805
65 209837
66 209651
67 206898
68 213588
69 215001
70 213265
71 228698
72 217395
73 205285
74 207195
75 207282
76 205371
77 222760
78 215130
79 215783
80 210241
81 208635
82 217428
83 226655
84 215366
85 225765
86 222220
87 223071
88 224300
89 227759
90 235262
91 224922
92 236070
93 228686
94 230688
95 232790
96 223689
97 223347
98 222694
99 241202
100 232950
101 228829
102 228688
103 232280
104 234593
105 231137
106 226987
107 255681
108 252603
109 279208
110 241822
111 235289
112 230454
113 223691
114 226743
115 224271
116 234356
117 239430
118 229123
119 226345
120 230111
121 233197
122 231203
123 231863
124 225974
125 224518
126 232549
127 232483
128 236124
129 233197
130 234202
131 226186
132 228393
133 243690
