1 673691
2 630486
3 626906
4 685493
5 725099
6 724335
7 676031
8 679821
9 724089
10 643758
11 676897
12 724579
13 712981
14 684777
15 677149
16 680179
17 725352
18 681009
19 769845
20 723330
21 764924
22 722970
23 770882
24 762616
25 726888
26 727300
27 767490
28 770522
29 765030
30 763609
31 770464
32 772818
33 770698
34 769699
35 769378
36 770385
37 769092
38 770404
39 768153
40 772238
41 771522
42 772648
43 771460
44 770426
45 772106
46 770296
47 773239
48 772572
49 771603
50 771355
51 771586
52 772028
53 772088
54 771280
55 773807
56 772738
57 772470
58 772582
59 773794
60 771308
61 771853
62 771447
63 770499
64 773907
65 772055
66 770604
67 770806
68 771190
69 772206
70 771248
71 772730
72 772778
73 772408
74 773169
75 771747
76 770065
77 772921
78 772464
79 772813
80 771614
81 771847
82 772855
83 772718
84 773158
85 771778
86 772801
87 770802
88 771224
89 772133
90 773765
91 771649
92 773393
93 772338
94 772875
95 772590
96 772844
97 773302
98 771127
99 774968
100 773747
101 770877
102 772167
103 772018
104 772485
105 771927
106 773518
107 770844
108 774373
109 771764
110 771968
111 771739
112 772865
113 772984
114 773407
115 772288
116 773414
117 770928
118 771553
119 772333
120 771272
121 771642
122 771660
123 772262
124 771893
125 772328
126 770473
127 771476
128 773624
129 772229
130 772101
131 772503
132 772764
133 773705
134 772002
135 774254
136 774995
137 773501
138 773366
139 771172
140 772668
141 770618
142 772389
143 770231
144 772186
145 771955
146 772353
147 773235
148 773220
149 771321
150 772550
151 771503
152 773664
153 771947
154 773460
155 772462
156 771059
157 770745
158 771921
159 773610
160 772595
161 774316
162 772752
163 773090
164 775492
165 772317
166 774398
167 772842
168 771867
169 774967
170 773483
171 773377
172 772878
173 772138
174 772271
175 773535
176 771839
177 772563
178 774378
179 773052
180 771981
181 773346
182 772550
183 773317
184 770867
185 772315
186 772017
187 772610
188 772898
189 771951
190 773233
191 774042
192 772780
193 771164
194 773647
195 773837
196 772694
197 773132
198 773685
199 771862
200 772128
201 772540
202 773536
203 772899
204 774158
205 770361
206 772555
207 772534
208 771097
209 772593
210 771229
211 772820
212 770204
213 773021
214 770110
215 774109
216 773325
217 770675
218 773292
219 773862
220 773524
221 771091
222 772735
223 772126
224 771250
225 774289
226 772471
227 772335
228 773089
229 772858
230 773483
231 772643
232 772814
233 772587
234 772058
235 774148
236 771711
237 774882
238 774818
239 771961
240 771597
241 772721
242 772990
243 773546
244 772794
245 772949
246 774241
247 771928
248 772683
249 771693
250 772878
251 773973
252 770922
253 773359
254 771986
255 770762
256 772237
257 771840
258 772280
259 771042
260 773209
261 772039
262 773806
263 770058
264 773271
265 773162
266 773891
267 772168
268 772239
269 772423
270 773779
271 773177
272 771138
273 770646
274 772983
275 772477
276 771109
277 772416
278 773011
279 771506
280 773519
281 772429
282 772928
283 772671
284 772291
285 771777
286 773168
287 772364
288 771869
289 772937
290 772341
291 772912
292 771246
293 772416
294 771845
295 773415
296 770756
297 770362
298 772561
