1 791323
2 801239
3 601092
4 711285
5 891627
6 629854
7 602211
8 704461
9 891974
10 700237
11 605259
12 696594
13 598460
14 883769
15 792488
16 744558
17 602317
18 642756
19 742561
20 716147
21 892185
22 598679
23 612480
24 526388
25 505558
26 521618
27 599232
28 602703
29 603545
30 519124
31 699301
32 505828
33 698262
34 509706
35 629934
36 792515
37 792326
38 696548
39 796122
40 599931
41 796204
42 623208
43 832678
44 599023
45 885060
46 607824
47 811726
48 733819
49 890591
50 974731
51 898929
52 795070
