1 706191
2 636779
3 554602
4 737562
5 497928
6 642388
7 735548
8 546616
9 598868
10 692684
11 740154
12 701548
13 652363
14 694979
15 645900
16 779167
17 777177
18 743090
19 783970
20 745648
21 771902
22 782033
23 836891
24 787912
25 788298
26 790083
27 852925
28 837258
29 784375
30 778439
31 787374
32 785104
33 881668
34 833756
35 844267
36 814195
37 791202
38 877185
39 833875
40 785835
41 830337
42 832357
43 843931
44 786178
45 831969
46 883212
47 851303
48 792518
49 828699
50 838806
51 794833
52 822418
53 932517
54 799622
55 799275
56 833409
57 791155
58 838807
59 847061
60 829796
61 885177
62 843875
63 797579
64 857712
65 815687
66 876396
67 846306
68 751665
69 834686
70 796660
71 795594
72 831163
73 835101
74 826979
75 824667
76 831054
77 835282
78 793402
79 826189
80 783734
81 750580
82 837361
83 898047
84 828093
85 790145
86 809163
87 788171
88 782317
89 933872
90 787912
91 792352
92 782662
93 785679
94 833182
95 877701
96 792334
97 789046
98 831118
99 887001
100 790750
101 838531
102 825719
103 829093
104 835466
105 833451
106 836363
107 797127
108 800111
109 834466
110 836340
111 837530
112 744435
113 788857
114 886651
115 785642
116 882087
117 787770
118 746896
119 782986
120 864793
121 830758
122 828982
123 788666
124 825747
125 830776
126 876010
127 838358
128 824776
129 834197
130 869212
131 833764
132 792922
133 741015
134 787591
135 795226
136 785636
137 787413
138 825646
139 838092
140 790923
141 836018
142 787144
143 830360
144 843153
145 809560
146 829878
147 784366
148 833102
149 885298
150 831236
151 736782
152 832886
153 878194
154 877867
155 792558
156 810520
157 837001
158 804567
159 796361
160 837487
161 883766
162 830821
163 787363
164 801935
165 842069
166 877862
167 837508
168 792901
169 784015
170 785087
171 786314
172 828899
173 878705
174 796188
175 842142
176 783849
177 881598
178 830289
179 789005
180 831754
181 788211
182 832708
183 824518
184 833422
185 839973
186 798446
187 875273
188 892073
189 829392
190 766648
191 834274
192 833356
193 793641
194 842297
195 786392
196 743602
197 786928
198 833926
199 842839
200 834957
201 830167
202 871890
203 833874
204 881275
205 832309
206 795098
207 783760
208 787967
209 747485
210 776651
211 793530
212 834879
213 792609
214 785624
215 829791
216 875953
217 830390
218 782401
219 787289
220 880099
221 789309
222 785860
223 842118
224 885751
225 832381
226 787938
227 792629
228 919308
229 833578
230 832566
231 826118
232 791285
233 792827
234 786905
235 833290
236 789238
237 880342
238 789240
239 787014
240 831215
241 802597
242 832012
243 789171
244 787499
245 882200
246 794128
247 820858
248 772254
249 784028
250 787912
251 792264
252 869229
253 769706
254 836898
255 841492
256 831139
257 744647
258 880533
259 866614
260 885832
261 795739
262 791205
263 838182
264 785786
265 789736
266 831848
267 849038
268 837926
269 798517
270 786207
271 837092
272 804827
273 835182
274 838890
275 784127
276 923375
277 830994
278 735946
279 787820
280 792791
281 773200
282 806297
283 836227
284 840579
285 800531
286 837174
287 831513
288 801768
289 789880
290 789609
291 745871
292 836030
293 830816
294 881509
295 836661
296 825173
297 885363
298 843184
299 790040
300 804794
301 782298
302 832935
303 747205
304 838147
305 785941
306 833830
307 775280
308 882649
309 790467
310 925095
311 835182
312 787265
313 785524
314 841066
315 880683
316 883532
317 881010
318 834421
319 880680
320 776872
321 887531
322 739067
323 880595
324 834725
325 789929
326 786865
327 787528
328 789467
329 783489
330 750667
331 784984
332 822053
333 837375
334 742067
335 828161
336 737423
337 787398
338 790176
339 788756
340 836215
341 871271
342 835801
343 789150
344 781180
345 786009
346 802983
347 825022
348 843148
349 833787
350 844549
351 794613
352 836168
353 803738
354 885003
355 837614
356 872358
357 750324
358 791858
359 878620
360 758170
361 743262
362 839321
363 742724
364 739366
365 834661
366 837271
367 756233
368 736385
369 785217
370 768827
371 830921
372 782013
373 797335
374 830044
375 776535
376 793513
377 785947
378 842417
