0 887851
1 1149966
2 1140660
3 1083697
4 1149734
5 1169833
6 1160775
7 1112207
8 1127023
9 1235855
10 1127823
11 1093976
12 1086295
13 1128944
14 1089928
15 1198058
16 1191592
17 1134033
18 1245467
19 1114883
20 1146645
21 1220946
22 1135495
23 1196474
24 1031310
25 1128205
26 1133342
27 1075442
28 1037957
29 1140858
30 1083131
31 1094867
32 1124448
33 1079449
34 1217607
35 1220946
36 1137094
37 1130542
38 1178462
39 1174787
40 1183838
41 1221187
42 1129221
43 1224832
44 1267663
45 1130414
46 1135624
47 1172274
48 1255583
49 1256699
50 1210894
51 1255459
52 1161455
53 1115317
54 1159276
55 1216415
56 1161821
57 1263994
58 1161149
59 1244230
60 1163590
61 1169270
62 1171307
63 1074833
64 1068932
65 1165390
66 1210773
67 1130027
68 1148835
69 1191725
70 1173107
71 1041000
72 1164436
73 1166673
74 1174802
75 1172416
76 1129312
77 1130210
78 1127968
79 1166559
80 1112335
81 1205927
82 1161993
83 1110629
84 1209906
85 1167430
86 1167556
87 1174169
88 1122164
89 1212670
90 1201345
91 1198913
92 1152247
93 1118656
94 1204633
95 1200152
96 1153133
97 1137465
98 1137184
99 1250333
100 1207581
101 1185662
102 1245467
103 1206696
104 1238407
105 1188532
106 1187704
107 1176621
108 1145140
109 1144003
110 1195005
111 1204620
112 1249705
113 1227892
114 1204431
115 1205185
116 1189663
117 1200283
118 1250737
119 1198805
120 1141645
121 1292508
122 1251658
123 1248665
124 1202888
125 1245068
126 1202299
127 1199464
128 1148536
129 1188654
130 1162209
131 1216786
132 1189657
133 1197998
134 1228273
135 1182285
136 1196533
137 1146680
138 1146069
139 1161647
140 1210210
141 1216407
142 1219875
143 1134383
144 1233587
145 1191103
146 1207201
147 1152344
148 1166772
149 1153549
150 1209120
151 1219703
152 1190303
153 1147565
154 1291332
155 1287287
156 1192019
157 1227802
158 1273977
159 1292056
160 1223296
161 1285073
162 1305863
163 1236466
164 1256767
165 1236873
166 1272601
167 1292155
168 1268834
169 1242357
170 1276032
171 1294852
172 1274397
173 1281381
174 1246785
175 1230291
176 1245637
177 1232946
178 1304114
179 1252827
180 1279258
181 1279572
182 1255035
183 1272956
184 1292774
185 1256282
186 1269870
187 1246806
188 1226214
189 1284566
190 1248633
191 1293176
192 1290952
193 1249658
194 1272951
195 1279838
196 1292777
197 1288419
198 1250327
199 1280736
200 1259853
201 1209119
202 1201378
203 1211964
204 1252690
205 1208774
206 1251890
207 1250220
208 1260666
209 1251873
210 1187715
211 1205858
212 1259991
213 1209000
214 1202291
215 1250481
216 1241638
217 1254986
218 1253151
219 1236546
220 1124511
221 1216224
222 1278048
223 1241255
224 1302936
225 1368189
226 1271638
227 1196114
228 1193410
229 1106382
230 1218437
231 1245116
232 1272908
233 1207599
234 1212012
235 1206095
236 1205664
237 1261352
238 1210416
239 1163993
240 1254395
241 1266451
242 1260633
243 1203670
244 1239509
245 1100357
246 1185658
247 1195255
248 1192572
249 1251217
250 1247707
251 1202225
252 1196043
253 1153090
254 1244715
255 1156941
