0 165766
1 232694
2 320430
3 269486
4 247455
5 509325
6 481804
7 491135
8 509839
9 505710
10 523405
11 507148
12 497876
13 499057
14 500121
15 494122
16 505079
17 509799
18 494762
19 513785
20 525631
21 524486
22 534215
23 522051
24 516701
25 526511
26 519954
27 546629
28 537645
29 545615
30 526710
31 519765
32 521233
33 532975
34 533111
35 531777
36 533944
37 544546
38 536763
39 536711
40 543088
41 542360
42 540188
43 529915
44 532555
45 541262
46 516277
47 523995
48 534989
49 532985
50 544476
51 521153
52 541094
53 521396
54 513326
55 535475
56 530213
57 532048
58 525937
59 528015
60 532024
61 547554
62 527194
63 548549
64 530561
65 526450
66 538062
67 519355
68 533510
69 527718
70 512926
71 524613
72 515746
73 531127
74 523408
75 528778
76 537259
77 534385
78 522594
79 529124
80 532202
81 520683
82 526854
83 528323
84 513093
85 525303
86 534244
87 526362
88 531894
89 522618
90 534032
91 532224
92 522386
93 535521
94 541675
95 524963
96 529564
97 533611
98 527887
99 518085
100 519715
101 523761
102 536581
103 532709
104 537572
105 529601
106 536709
107 530879
108 513969
109 526638
110 537968
111 535758
112 535181
113 530119
114 511989
115 542641
116 533532
117 537977
118 533471
119 523435
120 523691
121 527373
122 526734
123 546056
124 543748
125 536405
126 545292
127 544611
128 526676
129 537420
130 528466
131 528776
132 534310
133 523422
134 522215
135 529195
136 524023
137 542592
138 543234
139 530940
140 536364
141 523080
142 540820
143 535621
144 536697
145 529603
146 532692
147 528705
148 533203
149 533838
150 534878
151 531097
152 532803
153 537762
154 532893
155 536154
156 546255
157 528190
158 524776
159 527202
160 534503
161 539688
162 539523
163 545013
164 530918
165 545758
166 542394
167 542588
168 544487
169 542227
170 541828
171 546228
172 518195
173 537025
174 536476
175 535945
176 528041
177 532286
178 537981
179 527310
180 531947
181 541567
182 536580
183 542654
184 549692
185 530987
186 552355
187 528757
188 533810
189 548999
190 540280
191 536293
192 534128
193 544814
194 530646
195 533466
196 536189
197 540209
198 541006
199 536921
200 530344
201 539263
202 534685
203 524682
204 533335
205 541556
206 536870
207 526097
208 535470
209 536356
210 528840
211 536200
212 538946
213 534318
214 523478
215 528822
216 539719
217 524365
218 526711
219 532138
220 529123
221 527224
222 540345
223 537747
224 538936
225 534686
226 532064
227 530022
228 526282
229 545575
230 538647
231 533452
232 532851
233 530799
