0 305177
1 288795
2 298894
3 240188
4 330173
5 389379
6 379931
7 395638
8 289261
9 306922
10 217397
11 330817
12 302099
13 357294
14 369703
15 394919
16 362784
17 341807
18 302650
19 314395
20 374777
21 399523
22 329503
23 466075
24 373044
25 376225
26 336672
27 423044
28 376689
29 410290
30 377723
31 351664
32 382322
33 397367
34 354440
35 328506
36 441450
37 473148
38 414831
39 426433
40 328955
41 397898
42 413488
43 438811
44 373888
45 380497
46 382307
47 416670
48 379611
49 414202
50 376755
51 432976
52 480905
53 349771
54 369444
55 363925
56 466965
57 469292
58 516984
59 473415
60 412071
61 384357
62 399286
63 353463
64 379218
65 463058
66 422813
67 459953
68 367124
69 370607
70 425022
71 422976
72 386608
73 408786
74 480939
75 491230
76 434047
77 413865
78 422626
79 428481
80 473143
81 523255
82 396721
83 405233
84 406594
85 400972
86 374996
87 420725
88 369384
89 410031
90 407428
91 407216
92 421218
93 441101
94 443108
95 489938
96 483596
97 482281
98 362143
99 460818
100 377895
101 443382
102 370661
103 463087
104 531119
105 418647
106 417640
107 428285
108 502741
109 461339
110 468508
111 482545
112 420842
113 412241
114 427598
115 426528
116 376451
117 428152
118 438073
119 424239
120 373163
121 421076
122 483650
123 436542
124 404361
125 429704
126 429611
127 435636
128 415414
129 392185
130 408866
131 386249
132 381763
133 469714
134 414033
135 448470
136 427582
137 429015
138 517504
139 432943
140 513600
141 468349
142 424113
143 475412
144 419265
145 417358
146 467605
147 470557
148 417779
149 532232
150 419065
151 420548
152 368527
153 454718
154 463634
155 416807
156 479355
157 492404
158 516995
159 460111
160 411841
161 410909
162 520032
163 429453
164 424011
165 428800
166 483015
167 415144
168 421875
169 415647
170 379375
171 429093
172 428357
173 517392
174 470301
175 479684
176 473757
177 464019
178 550723
179 420071
180 469204
181 426220
182 468960
183 458711
184 466071
185 422465
186 413056
187 437639
188 417667
189 459905
190 440021
191 414323
192 418877
193 385972
194 480639
195 428902
196 468783
197 506922
198 383790
199 517078
200 468217
201 463433
202 405703
203 456042
204 483565
205 452145
206 464269
207 452201
208 468807
209 422130
210 413031
211 516979
212 468786
213 427776
214 477260
215 472350
216 468124
217 422732
218 417549
219 427789
220 467998
221 464671
222 415510
223 449763
224 483477
225 476815
226 454990
227 418077
228 524218
229 427724
230 439385
231 431171
232 435805
233 412696
234 439178
235 478822
236 479881
237 484013
238 446244
239 483915
240 488726
241 520645
242 436769
243 507940
244 468466
245 485529
246 521601
247 532761
248 444691
249 469289
250 474023
251 443215
252 458535
253 599300
254 461284
255 565111
256 465764
257 454843
258 508532
259 445373
260 434741
261 508155
262 500210
263 509864
264 528680
265 507145
266 501393
267 512321
268 519627
269 561125
270 520128
271 532822
272 426838
273 427565
274 481584
275 501615
276 502805
277 475469
278 514673
279 471534
280 474995
281 462449
282 478772
283 571700
284 445677
285 510884
