1 1027559
2 1116187
3 1071880
4 1174431
5 841602
6 1075047
7 1030176
8 931812
9 843665
10 1068331
11 1072620
12 928317
13 753059
14 1073904
15 856418
16 1131209
17 1021696
18 927472
19 935414
20 771791
21 786087
22 902076
23 747792
24 846453
25 1020248
26 1121125
27 1090947
28 935945
29 852026
30 905171
31 861637
32 913599
33 950348
34 1128482
35 911423
36 1172658
37 976914
38 982847
39 975474
40 885131
41 970227
42 885146
43 883919
44 913461
45 1171691
46 974432
47 983403
48 829688
49 831059
50 1023466
51 795731
52 947199
53 792401
54 880119
55 916070
56 1043079
57 701191
58 936926
59 899347
60 939583
61 947688
62 1033030
63 836557
64 1000648
65 924553
66 1028736
67 935672
68 763645
69 888815
70 754581
71 996813
72 836231
73 990287
74 1046235
75 898132
76 727031
77 845386
78 895376
79 876054
80 927830
81 1117880
82 1079958
83 914356
84 808823
85 932980
86 1029881
87 974465
88 1027304
89 795573
90 935828
91 1023080
92 1023029
93 1031973
94 926502
95 1030173
96 1113838
97 1065724
98 1027869
99 849680
100 911619
101 1068571
102 891984
103 1071089
104 1025557
105 1038870
106 988570
107 1026569
108 946139
109 898320
110 893111
111 1026435
112 1142036
113 1056884
114 962649
115 983257
116 856795
117 771586
118 879331
119 836424
120 794081
121 993953
122 892473
123 816302
124 829228
125 818088
126 1027740
127 1069541
128 1116216
129 1072279
130 980117
131 1069518
132 981112
133 851174
134 804858
135 808049
136 974147
137 932816
138 940310
139 1067553
140 892647
141 888717
142 974769
143 1033928
144 942741
145 734090
146 790719
147 850466
148 929065
149 1165186
150 759870
151 845766
152 1068895
153 1029777
154 893256
155 939280
156 1120474
157 1070928
158 977886
159 850506
160 752466
161 868704
162 901344
163 990285
164 1098039
165 839413
166 888659
167 1022738
168 848447
169 980668
170 1074191
