1 1441433
2 1320409
3 2165286
4 2265271
5 1881941
6 2167280
7 2260459
8 2168997
9 2068585
10 1587569
11 1870864
12 1970111
13 2071716
14 2259205
15 2285001
16 2298214
17 2536474
18 2660833
19 1937900
20 2067611
21 2066826
22 1890662
23 2061364
24 1794468
25 1587584
26 1393787
27 2078716
28 2013563
29 2063218
30 2174631
31 2187377
32 1887102
33 1884661
34 1857878
35 2370968
36 1774970
37 1700142
38 2089606
39 2286712
40 2165000
41 2479662
42 1980135
43 2064218
44 2155220
45 2068983
46 1961275
47 2169399
48 1872711
49 1968848
50 1777438
51 2172204
52 1680522
53 1776099
54 2347373
55 2110374
56 1933614
57 1834893
58 2071448
59 2357159
60 2333378
61 1412231
62 2019728
63 2119418
64 1936823
65 1866717
66 1995861
67 1599514
68 2083521
69 1871678
70 1916939
71 2169908
72 2177061
73 1721398
