0 487371
1 457723
2 560618
3 657497
4 552251
5 903475
6 819863
7 905721
8 852098
9 866612
10 902635
11 866297
12 866244
13 921543
14 872281
15 890712
16 886713
17 947656
18 893777
19 933799
20 947241
21 935216
22 810336
23 1087228
24 1090578
25 1052522
26 1047980
27 1087688
28 1081595
29 1044313
30 1004966
31 1047632
32 1090161
33 1048112
34 1034492
35 1001524
36 1006260
37 1085829
38 954938
39 1003078
40 955232
41 1092048
42 1002485
43 1050158
44 1003573
45 1084424
46 1048630
47 1094141
48 1005043
49 995031
50 1047950
51 1044020
52 1048280
53 1035936
54 1053802
55 1041524
56 950838
57 1049301
58 1045804
59 1004743
60 1092200
61 1089042
62 1041145
63 951983
64 1050481
65 1039380
66 1088419
67 992830
68 1003650
69 1000264
70 1000362
71 1007503
72 956207
73 1000888
74 1087768
75 1051843
76 1047078
77 1096327
78 1058596
79 1001716
80 1088235
81 1056757
82 1042121
83 1005667
84 1044602
85 1003242
86 998369
87 1012239
88 1043247
89 1043569
90 1006282
91 906446
92 953458
93 907868
94 900761
95 997242
96 1042133
97 962838
98 1003172
99 954499
100 960261
101 996455
102 988395
103 1040241
104 1044208
105 1042993
106 1078214
107 908505
108 1078547
109 999242
110 998256
111 990018
112 1038569
113 1089679
114 952492
115 1034014
116 954430
117 951309
118 901334
119 1083820
120 956042
121 949566
122 1038290
123 992908
124 1045608
125 1004077
126 1008357
127 952812
128 1081902
129 1044477
130 1088450
131 1037775
132 909877
133 900233
134 862163
135 904583
